360.000000|40.000000|40.000000|360.000000|-320.000000|3.000000|3.000000|0.000000|0.000000|5.000000|5.000000|2.000000|2.000000|0.000000|0.000000|0.000000|0.000000|0|0|0|0|0
360.000000|40.000000|40.000000|360.000000|-320.000000|3.000000|3.000000|0.000000|0.000000|5.000000|5.000000|2.000000|2.000000|0.000000|0.000000|0.000000|0.000000|0|1|0|0|0
357.000000|43.000000|40.000000|360.000000|-317.000000|3.000000|3.000000|0.000000|0.000000|5.000000|5.000000|2.000000|2.000000|0.000000|0.000000|0.000000|0.000000|0|1|0|0|0
356.000000|44.000000|40.000000|360.000000|-316.000000|3.000000|3.000000|0.000000|0.000000|5.000000|5.000000|2.000000|2.000000|0.000000|0.000000|0.000000|0.000000|0|1|0|0|0
354.000000|46.000000|40.000000|360.000000|-314.000000|3.000000|3.000000|0.000000|0.000000|5.000000|5.000000|2.000000|2.000000|0.000000|0.000000|0.000000|0.000000|0|1|0|0|0
350.000000|50.000000|40.000000|360.000000|-310.000000|3.000000|3.000000|0.000000|0.000000|5.000000|5.000000|2.000000|2.000000|0.000000|0.000000|0.000000|0.000000|0|1|0|0|0
347.000000|53.000000|40.000000|360.000000|-307.000000|3.000000|3.000000|0.000000|0.000000|5.000000|5.000000|2.000000|2.000000|0.000000|0.000000|0.000000|0.000000|0|1|0|0|0
346.000000|54.000000|40.000000|360.000000|-306.000000|3.000000|3.000000|0.000000|0.000000|5.000000|5.000000|2.000000|2.000000|0.000000|0.000000|0.000000|0.000000|0|1|0|0|0
344.000000|56.000000|40.000000|360.000000|-304.000000|3.000000|3.000000|0.000000|0.000000|5.000000|5.000000|2.000000|2.000000|0.000000|0.000000|0.000000|0.000000|0|1|0|0|0
340.000000|60.000000|40.000000|360.000000|-300.000000|3.000000|3.000000|0.000000|0.000000|5.000000|5.000000|2.000000|2.000000|0.000000|0.000000|0.000000|0.000000|0|1|0|0|0
337.000000|63.000000|40.000000|360.000000|-297.000000|3.000000|3.000000|0.000000|0.000000|5.000000|5.000000|2.000000|2.000000|0.000000|0.000000|0.000000|0.000000|0|1|0|0|0
336.000000|64.000000|40.000000|360.000000|-296.000000|3.000000|3.000000|0.000000|0.000000|5.000000|5.000000|2.000000|2.000000|0.000000|0.000000|0.000000|0.000000|0|1|0|0|0
334.000000|66.000000|40.000000|360.000000|-294.000000|3.000000|3.000000|0.000000|0.000000|5.000000|5.000000|2.000000|2.000000|0.000000|0.000000|0.000000|0.000000|0|1|0|0|0
330.000000|70.000000|40.000000|360.000000|-290.000000|3.000000|3.000000|0.000000|0.000000|5.000000|5.000000|2.000000|2.000000|0.000000|0.000000|0.000000|0.000000|0|1|0|0|0
327.000000|73.000000|40.000000|360.000000|-287.000000|3.000000|3.000000|0.000000|0.000000|5.000000|5.000000|2.000000|2.000000|0.000000|0.000000|0.000000|0.000000|0|1|0|0|0
326.000000|74.000000|40.000000|360.000000|-286.000000|3.000000|3.000000|0.000000|0.000000|5.000000|5.000000|2.000000|2.000000|0.000000|0.000000|0.000000|0.000000|0|1|0|0|0
324.000000|76.000000|40.000000|360.000000|-284.000000|3.000000|3.000000|0.000000|0.000000|5.000000|5.000000|2.000000|2.000000|0.000000|0.000000|0.000000|0.000000|0|1|0|0|0
320.000000|80.000000|40.000000|360.000000|-280.000000|3.000000|3.000000|0.000000|0.000000|5.000000|5.000000|2.000000|2.000000|0.000000|0.000000|0.000000|0.000000|0|1|0|0|0
317.000000|83.000000|40.000000|360.000000|-277.000000|3.000000|3.000000|0.000000|0.000000|5.000000|5.000000|2.000000|2.000000|0.000000|0.000000|0.000000|0.000000|0|1|0|0|0
316.000000|84.000000|40.000000|360.000000|-276.000000|3.000000|3.000000|0.000000|0.000000|5.000000|5.000000|2.000000|2.000000|0.000000|0.000000|0.000000|0.000000|0|1|0|0|0
314.000000|86.000000|40.000000|360.000000|-274.000000|3.000000|3.000000|0.000000|0.000000|5.000000|5.000000|2.000000|2.000000|0.000000|0.000000|0.000000|0.000000|0|1|0|0|0
310.000000|90.000000|40.000000|360.000000|-270.000000|3.000000|3.000000|0.000000|0.000000|5.000000|5.000000|2.000000|2.000000|0.000000|0.000000|0.000000|0.000000|0|1|0|0|0
307.000000|93.000000|40.000000|360.000000|-267.000000|3.000000|3.000000|0.000000|0.000000|5.000000|5.000000|2.000000|2.000000|0.000000|0.000000|0.000000|0.000000|0|1|0|0|0
306.000000|94.000000|40.000000|360.000000|-266.000000|3.000000|3.000000|0.000000|0.000000|5.000000|5.000000|2.000000|2.000000|0.000000|0.000000|0.000000|0.000000|0|1|0|0|0
304.000000|96.000000|40.000000|360.000000|-264.000000|3.000000|3.000000|0.000000|0.000000|5.000000|5.000000|2.000000|2.000000|0.000000|0.000000|0.000000|0.000000|0|1|0|0|0
300.000000|100.000000|40.000000|360.000000|-260.000000|3.000000|3.000000|0.000000|0.000000|5.000000|5.000000|2.000000|2.000000|0.000000|0.000000|0.000000|0.000000|0|1|0|0|0
297.000000|103.000000|40.000000|360.000000|-257.000000|3.000000|3.000000|0.000000|0.000000|5.000000|5.000000|2.000000|2.000000|0.000000|0.000000|0.000000|0.000000|0|1|0|0|0
296.000000|104.000000|40.000000|360.000000|-256.000000|3.000000|3.000000|0.000000|0.000000|5.000000|5.000000|2.000000|2.000000|0.000000|0.000000|0.000000|0.000000|0|1|0|0|0
294.000000|106.000000|40.000000|360.000000|-254.000000|3.000000|3.000000|0.000000|0.000000|5.000000|5.000000|2.000000|2.000000|0.000000|0.000000|0.000000|0.000000|0|1|0|0|0
290.000000|110.000000|40.000000|360.000000|-250.000000|3.000000|3.000000|0.000000|0.000000|5.000000|5.000000|2.000000|2.000000|0.000000|0.000000|0.000000|0.000000|0|1|0|0|0
287.000000|113.000000|40.000000|360.000000|-247.000000|3.000000|3.000000|0.000000|0.000000|5.000000|5.000000|2.000000|2.000000|0.000000|0.000000|0.000000|0.000000|0|1|0|0|0
286.000000|114.000000|40.000000|360.000000|-246.000000|3.000000|3.000000|0.000000|0.000000|5.000000|5.000000|2.000000|2.000000|0.000000|0.000000|0.000000|0.000000|0|1|0|0|0
284.000000|116.000000|40.000000|360.000000|-244.000000|3.000000|3.000000|0.000000|0.000000|5.000000|5.000000|2.000000|2.000000|0.000000|0.000000|0.000000|0.000000|0|1|0|0|0
280.000000|120.000000|40.000000|360.000000|-240.000000|3.000000|3.000000|0.000000|0.000000|5.000000|5.000000|2.000000|2.000000|0.000000|0.000000|0.000000|0.000000|0|1|0|0|0
277.000000|123.000000|40.000000|360.000000|-237.000000|3.000000|3.000000|0.000000|0.000000|5.000000|5.000000|2.000000|2.000000|0.000000|0.000000|0.000000|0.000000|0|1|0|0|0
276.000000|124.000000|40.000000|360.000000|-236.000000|3.000000|3.000000|0.000000|0.000000|5.000000|5.000000|2.000000|2.000000|0.000000|0.000000|0.000000|0.000000|0|1|0|0|0
274.000000|126.000000|40.000000|360.000000|-234.000000|3.000000|3.000000|0.000000|0.000000|5.000000|5.000000|2.000000|2.000000|0.000000|0.000000|0.000000|0.000000|0|1|0|0|0
270.000000|130.000000|40.000000|360.000000|-230.000000|3.000000|3.000000|0.000000|0.000000|5.000000|5.000000|2.000000|2.000000|0.000000|0.000000|0.000000|0.000000|0|1|0|0|0
267.000000|133.000000|40.000000|360.000000|-227.000000|3.000000|3.000000|0.000000|0.000000|5.000000|5.000000|2.000000|2.000000|0.000000|0.000000|0.000000|0.000000|0|1|0|0|0
266.000000|134.000000|40.000000|360.000000|-226.000000|3.000000|3.000000|0.000000|0.000000|5.000000|5.000000|2.000000|2.000000|0.000000|0.000000|0.000000|0.000000|0|1|0|0|0
264.000000|136.000000|40.000000|360.000000|-224.000000|3.000000|3.000000|0.000000|0.000000|5.000000|5.000000|2.000000|2.000000|0.000000|0.000000|0.000000|0.000000|0|1|0|0|0
260.000000|140.000000|40.000000|360.000000|-220.000000|3.000000|3.000000|0.000000|0.000000|5.000000|5.000000|2.000000|2.000000|0.000000|0.000000|0.000000|0.000000|0|1|0|0|0
257.000000|143.000000|40.000000|360.000000|-217.000000|3.000000|3.000000|0.000000|0.000000|5.000000|5.000000|2.000000|2.000000|0.000000|0.000000|0.000000|0.000000|0|0|0|0|0
256.000000|144.000000|40.000000|360.000000|-216.000000|3.000000|3.000000|0.000000|0.000000|5.000000|5.000000|2.000000|2.000000|0.000000|0.000000|0.000000|0.000000|0|0|0|0|0
254.000000|146.000000|40.000000|360.000000|-214.000000|3.000000|3.000000|0.000000|0.000000|5.000000|5.000000|2.000000|2.000000|0.000000|0.000000|0.000000|0.000000|0|0|0|0|0
254.000000|146.000000|40.000000|360.000000|-214.000000|3.000000|3.000000|0.000000|0.000000|5.000000|5.000000|2.000000|2.000000|0.000000|0.000000|0.000000|0.000000|0|1|0|0|0
251.000000|149.000000|40.000000|360.000000|-211.000000|3.000000|3.000000|0.000000|0.000000|5.000000|5.000000|2.000000|2.000000|0.000000|0.000000|0.000000|0.000000|0|1|0|0|0
250.000000|150.000000|40.000000|360.000000|-210.000000|3.000000|3.000000|0.000000|0.000000|5.000000|5.000000|2.000000|2.000000|0.000000|0.000000|0.000000|0.000000|0|1|0|0|0
248.000000|152.000000|40.000000|360.000000|-208.000000|3.000000|3.000000|0.000000|0.000000|5.000000|5.000000|2.000000|2.000000|0.000000|0.000000|0.000000|0.000000|0|1|0|0|0
244.000000|156.000000|40.000000|360.000000|-204.000000|3.000000|3.000000|0.000000|0.000000|5.000000|5.000000|2.000000|2.000000|0.000000|0.000000|0.000000|0.000000|0|1|0|0|0
241.000000|159.000000|40.000000|360.000000|-201.000000|3.000000|3.000000|0.000000|0.000000|5.000000|5.000000|2.000000|2.000000|0.000000|0.000000|0.000000|0.000000|0|1|0|0|0
240.000000|160.000000|40.000000|360.000000|-200.000000|3.000000|3.000000|0.000000|0.000000|5.000000|5.000000|2.000000|2.000000|0.000000|0.000000|0.000000|0.000000|0|1|0|0|0
238.000000|162.000000|40.000000|360.000000|-198.000000|3.000000|3.000000|0.000000|0.000000|5.000000|5.000000|2.000000|2.000000|0.000000|0.000000|0.000000|0.000000|0|1|0|0|0
234.000000|166.000000|40.000000|360.000000|-194.000000|3.000000|3.000000|0.000000|0.000000|5.000000|5.000000|2.000000|2.000000|0.000000|0.000000|0.000000|0.000000|0|1|0|0|0
231.000000|169.000000|40.000000|360.000000|-191.000000|3.000000|3.000000|0.000000|0.000000|5.000000|5.000000|2.000000|2.000000|0.000000|0.000000|0.000000|0.000000|0|1|0|0|0
230.000000|170.000000|40.000000|360.000000|-190.000000|3.000000|3.000000|0.000000|0.000000|5.000000|5.000000|2.000000|2.000000|0.000000|0.000000|0.000000|0.000000|0|1|0|0|0
228.000000|172.000000|40.000000|360.000000|-188.000000|3.000000|3.000000|0.000000|0.000000|5.000000|5.000000|2.000000|2.000000|0.000000|0.000000|0.000000|0.000000|0|1|0|0|0
224.000000|176.000000|40.000000|360.000000|-184.000000|3.000000|3.000000|0.000000|0.000000|5.000000|5.000000|2.000000|2.000000|0.000000|0.000000|0.000000|0.000000|0|1|0|0|0
221.000000|179.000000|40.000000|360.000000|-181.000000|3.000000|3.000000|0.000000|0.000000|5.000000|5.000000|2.000000|2.000000|0.000000|0.000000|0.000000|0.000000|0|1|0|0|0
220.000000|180.000000|40.000000|360.000000|-180.000000|3.000000|3.000000|0.000000|0.000000|5.000000|5.000000|2.000000|2.000000|0.000000|0.000000|0.000000|0.000000|0|1|0|0|0
218.000000|182.000000|40.000000|360.000000|-178.000000|3.000000|3.000000|0.000000|0.000000|5.000000|5.000000|2.000000|2.000000|0.000000|0.000000|0.000000|0.000000|0|1|0|0|0
214.000000|186.000000|40.000000|360.000000|-174.000000|3.000000|3.000000|0.000000|0.000000|5.000000|5.000000|2.000000|2.000000|0.000000|0.000000|0.000000|0.000000|0|1|0|0|0
211.000000|189.000000|40.000000|360.000000|-171.000000|3.000000|3.000000|0.000000|0.000000|5.000000|5.000000|2.000000|2.000000|0.000000|0.000000|0.000000|0.000000|0|1|0|0|0
210.000000|190.000000|40.000000|360.000000|-170.000000|3.000000|3.000000|0.000000|0.000000|5.000000|5.000000|2.000000|2.000000|0.000000|0.000000|0.000000|0.000000|0|1|0|0|0
208.000000|192.000000|40.000000|360.000000|-168.000000|3.000000|3.000000|0.000000|0.000000|5.000000|5.000000|2.000000|2.000000|0.000000|0.000000|0.000000|0.000000|0|1|0|0|0
204.000000|196.000000|40.000000|360.000000|-164.000000|3.000000|3.000000|0.000000|0.000000|5.000000|5.000000|2.000000|2.000000|0.000000|0.000000|0.000000|0.000000|0|1|0|0|0
201.000000|199.000000|40.000000|360.000000|-161.000000|3.000000|3.000000|0.000000|0.000000|5.000000|5.000000|2.000000|2.000000|0.000000|0.000000|0.000000|0.000000|0|1|0|0|0
200.000000|200.000000|40.000000|360.000000|-160.000000|3.000000|3.000000|0.000000|0.000000|5.000000|5.000000|2.000000|2.000000|0.000000|0.000000|0.000000|0.000000|0|1|0|0|0
198.000000|202.000000|40.000000|360.000000|-158.000000|3.000000|3.000000|0.000000|0.000000|5.000000|5.000000|2.000000|2.000000|0.000000|0.000000|0.000000|0.000000|0|1|0|0|0
194.000000|206.000000|40.000000|360.000000|-154.000000|3.000000|3.000000|0.000000|0.000000|5.000000|5.000000|2.000000|2.000000|0.000000|0.000000|0.000000|0.000000|0|1|0|0|0
194.000000|206.000000|40.000000|360.000000|-154.000000|3.000000|3.000000|0.000000|0.000000|5.000000|5.000000|2.000000|2.000000|0.000000|0.000000|0.000000|0.000000|0|0|0|0|0
191.000000|209.000000|40.000000|360.000000|-151.000000|3.000000|3.000000|0.000000|0.000000|5.000000|5.000000|2.000000|2.000000|0.000000|0.000000|0.000000|0.000000|0|0|0|0|0
190.000000|210.000000|40.000000|360.000000|-150.000000|3.000000|3.000000|0.000000|0.000000|5.000000|5.000000|2.000000|2.000000|0.000000|0.000000|0.000000|0.000000|0|0|0|0|0
188.000000|212.000000|40.000000|360.000000|-148.000000|3.000000|3.000000|0.000000|0.000000|5.000000|5.000000|2.000000|2.000000|0.000000|0.000000|0.000000|0.000000|0|0|0|0|0
188.000000|212.000000|40.000000|360.000000|-148.000000|3.000000|3.000000|0.000000|0.000000|5.000000|5.000000|2.000000|2.000000|0.000000|0.000000|0.000000|0.000000|0|-1|0|0|0
192.000000|208.000000|40.000000|360.000000|-152.000000|3.000000|3.000000|0.000000|0.000000|5.000000|5.000000|2.000000|2.000000|0.000000|0.000000|0.000000|0.000000|0|-1|0|0|0
194.000000|206.000000|40.000000|360.000000|-154.000000|3.000000|3.000000|0.000000|0.000000|5.000000|5.000000|2.000000|2.000000|0.000000|0.000000|0.000000|0.000000|0|-1|0|0|0
195.000000|205.000000|40.000000|360.000000|-155.000000|3.000000|3.000000|0.000000|0.000000|5.000000|5.000000|2.000000|2.000000|0.000000|0.000000|0.000000|0.000000|0|-1|0|0|0
198.000000|202.000000|40.000000|360.000000|-158.000000|3.000000|3.000000|0.000000|0.000000|5.000000|5.000000|2.000000|2.000000|0.000000|0.000000|0.000000|0.000000|0|-1|0|0|0
202.000000|198.000000|40.000000|360.000000|-162.000000|3.000000|3.000000|0.000000|0.000000|5.000000|5.000000|2.000000|2.000000|0.000000|0.000000|0.000000|0.000000|0|-1|0|0|0
204.000000|196.000000|40.000000|360.000000|-164.000000|3.000000|3.000000|0.000000|0.000000|5.000000|5.000000|2.000000|2.000000|0.000000|0.000000|0.000000|0.000000|0|-1|0|0|0
205.000000|195.000000|40.000000|360.000000|-165.000000|3.000000|3.000000|0.000000|0.000000|5.000000|5.000000|2.000000|2.000000|0.000000|0.000000|0.000000|0.000000|0|-1|0|0|0
208.000000|192.000000|40.000000|360.000000|-168.000000|3.000000|3.000000|0.000000|0.000000|5.000000|5.000000|2.000000|2.000000|0.000000|0.000000|0.000000|0.000000|0|0|0|0|0
212.000000|188.000000|40.000000|360.000000|-172.000000|3.000000|3.000000|0.000000|0.000000|5.000000|5.000000|2.000000|2.000000|0.000000|0.000000|0.000000|0.000000|0|0|0|0|0
214.000000|186.000000|40.000000|360.000000|-174.000000|3.000000|3.000000|0.000000|0.000000|5.000000|5.000000|2.000000|2.000000|0.000000|0.000000|0.000000|0.000000|0|0|0|0|0
215.000000|185.000000|40.000000|360.000000|-175.000000|3.000000|3.000000|0.000000|0.000000|5.000000|5.000000|2.000000|2.000000|0.000000|0.000000|0.000000|0.000000|0|0|0|0|0
215.000000|185.000000|40.000000|360.000000|-175.000000|3.000000|3.000000|0.000000|0.000000|5.000000|5.000000|2.000000|2.000000|0.000000|0.000000|0.000000|0.000000|0|1|0|0|0
212.000000|188.000000|40.000000|360.000000|-172.000000|3.000000|3.000000|0.000000|0.000000|5.000000|5.000000|2.000000|2.000000|0.000000|0.000000|0.000000|0.000000|0|1|0|0|0
211.000000|189.000000|40.000000|360.000000|-171.000000|3.000000|3.000000|0.000000|0.000000|5.000000|5.000000|2.000000|2.000000|0.000000|0.000000|0.000000|0.000000|0|1|0|0|0
209.000000|191.000000|40.000000|360.000000|-169.000000|3.000000|3.000000|0.000000|0.000000|5.000000|5.000000|2.000000|2.000000|0.000000|0.000000|0.000000|0.000000|0|1|0|0|0
205.000000|195.000000|40.000000|360.000000|-165.000000|3.000000|3.000000|0.000000|0.000000|5.000000|5.000000|2.000000|2.000000|0.000000|0.000000|0.000000|0.000000|0|1|0|0|0
202.000000|198.000000|40.000000|360.000000|-162.000000|3.000000|3.000000|0.000000|0.000000|5.000000|5.000000|2.000000|2.000000|0.000000|0.000000|0.000000|0.000000|0|1|0|0|0
201.000000|199.000000|40.000000|360.000000|-161.000000|3.000000|3.000000|0.000000|0.000000|5.000000|5.000000|2.000000|2.000000|0.000000|0.000000|0.000000|0.000000|0|1|0|0|0
199.000000|201.000000|40.000000|360.000000|-159.000000|3.000000|3.000000|0.000000|0.000000|5.000000|5.000000|2.000000|2.000000|0.000000|0.000000|0.000000|0.000000|0|1|0|0|0
195.000000|205.000000|40.000000|360.000000|-155.000000|3.000000|3.000000|0.000000|0.000000|5.000000|5.000000|2.000000|2.000000|0.000000|0.000000|0.000000|0.000000|0|1|0|0|0
192.000000|208.000000|40.000000|360.000000|-152.000000|3.000000|3.000000|0.000000|0.000000|5.000000|5.000000|2.000000|2.000000|0.000000|0.000000|0.000000|0.000000|0|1|0|0|0
192.000000|208.000000|40.000000|360.000000|-152.000000|3.000000|3.000000|0.000000|0.000000|5.000000|5.000000|2.000000|2.000000|0.000000|0.000000|0.000000|0.000000|0|0|0|0|0
191.000000|209.000000|40.000000|360.000000|-151.000000|3.000000|3.000000|0.000000|0.000000|5.000000|5.000000|2.000000|2.000000|0.000000|0.000000|0.000000|0.000000|0|0|0|0|0
189.000000|211.000000|40.000000|360.000000|-149.000000|3.000000|3.000000|0.000000|0.000000|5.000000|5.000000|2.000000|2.000000|0.000000|0.000000|0.000000|0.000000|0|0|0|0|0
189.000000|211.000000|40.000000|360.000000|-149.000000|3.000000|3.000000|0.000000|0.000000|5.000000|5.000000|2.000000|2.000000|0.000000|0.000000|0.000000|0.000000|0|-1|0|0|0
193.000000|207.000000|40.000000|360.000000|-153.000000|3.000000|3.000000|0.000000|0.000000|5.000000|5.000000|2.000000|2.000000|0.000000|0.000000|0.000000|0.000000|0|-1|0|0|0
195.000000|205.000000|40.000000|360.000000|-155.000000|3.000000|3.000000|0.000000|0.000000|5.000000|5.000000|2.000000|2.000000|0.000000|0.000000|0.000000|0.000000|0|-1|0|0|0
196.000000|204.000000|40.000000|360.000000|-156.000000|3.000000|3.000000|0.000000|0.000000|5.000000|5.000000|2.000000|2.000000|0.000000|0.000000|0.000000|0.000000|0|-1|0|0|0
199.000000|201.000000|40.000000|360.000000|-159.000000|3.000000|3.000000|0.000000|0.000000|5.000000|5.000000|2.000000|2.000000|0.000000|0.000000|0.000000|0.000000|0|-1|0|0|0
203.000000|197.000000|40.000000|360.000000|-163.000000|3.000000|3.000000|0.000000|0.000000|5.000000|5.000000|2.000000|2.000000|0.000000|0.000000|0.000000|0.000000|0|-1|0|0|0
205.000000|195.000000|40.000000|360.000000|-165.000000|3.000000|3.000000|0.000000|0.000000|5.000000|5.000000|2.000000|2.000000|0.000000|0.000000|0.000000|0.000000|0|-1|0|0|0
206.000000|194.000000|40.000000|360.000000|-166.000000|3.000000|3.000000|0.000000|0.000000|5.000000|5.000000|2.000000|2.000000|0.000000|0.000000|0.000000|0.000000|0|-1|0|0|0
209.000000|191.000000|40.000000|360.000000|-169.000000|3.000000|3.000000|0.000000|0.000000|5.000000|5.000000|2.000000|2.000000|0.000000|0.000000|0.000000|0.000000|0|-1|0|0|0
213.000000|187.000000|40.000000|360.000000|-173.000000|3.000000|3.000000|0.000000|0.000000|5.000000|5.000000|2.000000|2.000000|0.000000|0.000000|0.000000|0.000000|0|-1|0|0|0
215.000000|185.000000|40.000000|360.000000|-175.000000|3.000000|3.000000|0.000000|0.000000|5.000000|5.000000|2.000000|2.000000|0.000000|0.000000|0.000000|0.000000|0|-1|0|0|0
216.000000|184.000000|40.000000|360.000000|-176.000000|3.000000|3.000000|0.000000|0.000000|5.000000|5.000000|2.000000|2.000000|0.000000|0.000000|0.000000|0.000000|0|-1|0|0|0
219.000000|181.000000|40.000000|360.000000|-179.000000|3.000000|3.000000|0.000000|0.000000|5.000000|5.000000|2.000000|2.000000|0.000000|0.000000|0.000000|0.000000|0|-1|0|0|0
223.000000|177.000000|40.000000|360.000000|-183.000000|3.000000|3.000000|0.000000|0.000000|5.000000|5.000000|2.000000|2.000000|0.000000|0.000000|0.000000|0.000000|0|-1|0|0|0
225.000000|175.000000|40.000000|360.000000|-185.000000|3.000000|3.000000|0.000000|0.000000|5.000000|5.000000|2.000000|2.000000|0.000000|0.000000|0.000000|0.000000|0|-1|0|0|0
226.000000|174.000000|40.000000|360.000000|-186.000000|3.000000|3.000000|0.000000|0.000000|5.000000|5.000000|2.000000|2.000000|0.000000|0.000000|0.000000|0.000000|0|-1|0|0|0
229.000000|171.000000|40.000000|360.000000|-189.000000|3.000000|3.000000|0.000000|0.000000|5.000000|5.000000|2.000000|2.000000|0.000000|0.000000|0.000000|0.000000|0|-1|0|0|0
233.000000|167.000000|40.000000|360.000000|-193.000000|3.000000|3.000000|0.000000|0.000000|5.000000|5.000000|2.000000|2.000000|0.000000|0.000000|0.000000|0.000000|0|-1|0|0|0
235.000000|165.000000|40.000000|360.000000|-195.000000|3.000000|3.000000|0.000000|0.000000|5.000000|5.000000|2.000000|2.000000|0.000000|0.000000|0.000000|0.000000|0|-1|0|0|0
236.000000|164.000000|40.000000|360.000000|-196.000000|3.000000|3.000000|0.000000|0.000000|5.000000|5.000000|2.000000|2.000000|0.000000|0.000000|0.000000|0.000000|0|-1|0|0|0
239.000000|161.000000|40.000000|360.000000|-199.000000|3.000000|3.000000|0.000000|0.000000|5.000000|5.000000|2.000000|2.000000|0.000000|0.000000|0.000000|0.000000|0|-1|0|0|0
243.000000|157.000000|40.000000|360.000000|-203.000000|3.000000|3.000000|0.000000|0.000000|5.000000|5.000000|2.000000|2.000000|0.000000|0.000000|0.000000|0.000000|0|-1|0|0|0
245.000000|155.000000|40.000000|360.000000|-205.000000|3.000000|3.000000|0.000000|0.000000|5.000000|5.000000|2.000000|2.000000|0.000000|0.000000|0.000000|0.000000|0|-1|0|0|0
246.000000|154.000000|40.000000|360.000000|-206.000000|3.000000|3.000000|0.000000|0.000000|5.000000|5.000000|2.000000|2.000000|0.000000|0.000000|0.000000|0.000000|0|-1|0|0|0
249.000000|151.000000|40.000000|360.000000|-209.000000|3.000000|3.000000|0.000000|0.000000|5.000000|5.000000|2.000000|2.000000|0.000000|0.000000|0.000000|0.000000|0|-1|0|0|0
253.000000|147.000000|40.000000|360.000000|-213.000000|3.000000|3.000000|0.000000|0.000000|5.000000|5.000000|2.000000|2.000000|0.000000|0.000000|0.000000|0.000000|0|-1|0|0|0
255.000000|145.000000|40.000000|360.000000|-215.000000|3.000000|3.000000|0.000000|0.000000|5.000000|5.000000|2.000000|2.000000|0.000000|0.000000|0.000000|0.000000|0|-1|0|0|0
256.000000|144.000000|40.000000|360.000000|-216.000000|3.000000|3.000000|0.000000|0.000000|5.000000|5.000000|2.000000|2.000000|0.000000|0.000000|0.000000|0.000000|0|-1|0|0|0
259.000000|141.000000|40.000000|360.000000|-219.000000|3.000000|3.000000|0.000000|0.000000|5.000000|5.000000|2.000000|2.000000|0.000000|0.000000|0.000000|0.000000|0|0|0|0|0
263.000000|137.000000|40.000000|360.000000|-223.000000|3.000000|3.000000|0.000000|0.000000|5.000000|5.000000|2.000000|2.000000|0.000000|0.000000|0.000000|0.000000|0|0|0|0|0
265.000000|135.000000|40.000000|360.000000|-225.000000|3.000000|3.000000|0.000000|0.000000|5.000000|5.000000|2.000000|2.000000|0.000000|0.000000|0.000000|0.000000|0|0|0|0|0
266.000000|134.000000|40.000000|360.000000|-226.000000|3.000000|3.000000|0.000000|0.000000|5.000000|5.000000|2.000000|2.000000|0.000000|0.000000|0.000000|0.000000|0|0|0|0|0
266.000000|134.000000|40.000000|360.000000|-226.000000|3.000000|3.000000|0.000000|0.000000|5.000000|5.000000|2.000000|2.000000|0.000000|0.000000|0.000000|0.000000|0|1|0|0|0
263.000000|137.000000|40.000000|360.000000|-223.000000|3.000000|3.000000|0.000000|0.000000|5.000000|5.000000|2.000000|2.000000|0.000000|0.000000|0.000000|0.000000|0|1|0|0|0
262.000000|138.000000|40.000000|360.000000|-222.000000|3.000000|3.000000|0.000000|0.000000|5.000000|5.000000|2.000000|2.000000|0.000000|0.000000|0.000000|0.000000|0|1|0|0|0
260.000000|140.000000|40.000000|360.000000|-220.000000|3.000000|3.000000|0.000000|0.000000|5.000000|5.000000|2.000000|2.000000|0.000000|0.000000|0.000000|0.000000|0|1|0|0|0
256.000000|144.000000|40.000000|360.000000|-216.000000|3.000000|3.000000|0.000000|0.000000|5.000000|5.000000|2.000000|2.000000|0.000000|0.000000|0.000000|0.000000|0|1|0|0|0
253.000000|147.000000|40.000000|360.000000|-213.000000|3.000000|3.000000|0.000000|0.000000|5.000000|5.000000|2.000000|2.000000|0.000000|0.000000|0.000000|0.000000|0|1|0|0|0
252.000000|148.000000|40.000000|360.000000|-212.000000|3.000000|3.000000|0.000000|0.000000|5.000000|5.000000|2.000000|2.000000|0.000000|0.000000|0.000000|0.000000|0|1|0|0|0
250.000000|150.000000|40.000000|360.000000|-210.000000|3.000000|3.000000|0.000000|0.000000|5.000000|5.000000|2.000000|2.000000|0.000000|0.000000|0.000000|0.000000|0|1|0|0|0
246.000000|154.000000|40.000000|360.000000|-206.000000|3.000000|3.000000|0.000000|0.000000|5.000000|5.000000|2.000000|2.000000|0.000000|0.000000|0.000000|0.000000|0|1|0|0|0
243.000000|157.000000|40.000000|360.000000|-203.000000|3.000000|3.000000|0.000000|0.000000|5.000000|5.000000|2.000000|2.000000|0.000000|0.000000|0.000000|0.000000|0|0|0|0|0
243.000000|157.000000|40.000000|360.000000|-203.000000|3.000000|3.000000|0.000000|0.000000|5.000000|5.000000|2.000000|2.000000|0.000000|0.000000|0.000000|0.000000|0|-1|0|0|0
242.000000|158.000000|40.000000|360.000000|-202.000000|3.000000|3.000000|0.000000|0.000000|5.000000|5.000000|2.000000|2.000000|0.000000|0.000000|0.000000|0.000000|0|-1|0|0|0
240.000000|160.000000|40.000000|360.000000|-200.000000|3.000000|3.000000|0.000000|0.000000|5.000000|5.000000|2.000000|2.000000|0.000000|0.000000|0.000000|0.000000|0|-1|0|0|0
244.000000|156.000000|40.000000|360.000000|-204.000000|3.000000|3.000000|0.000000|0.000000|5.000000|5.000000|2.000000|2.000000|0.000000|0.000000|0.000000|0.000000|0|-1|0|0|0
246.000000|154.000000|40.000000|360.000000|-206.000000|3.000000|3.000000|0.000000|0.000000|5.000000|5.000000|2.000000|2.000000|0.000000|0.000000|0.000000|0.000000|0|-1|0|0|0
247.000000|153.000000|40.000000|360.000000|-207.000000|3.000000|3.000000|0.000000|0.000000|5.000000|5.000000|2.000000|2.000000|0.000000|0.000000|0.000000|0.000000|0|-1|0|0|0
250.000000|150.000000|40.000000|360.000000|-210.000000|3.000000|3.000000|0.000000|0.000000|5.000000|5.000000|2.000000|2.000000|0.000000|0.000000|0.000000|0.000000|0|-1|0|0|0
250.000000|150.000000|40.000000|360.000000|-210.000000|3.000000|3.000000|0.000000|0.000000|5.000000|5.000000|2.000000|2.000000|0.000000|0.000000|0.000000|0.000000|0|1|0|0|0
254.000000|146.000000|40.000000|360.000000|-214.000000|3.000000|3.000000|0.000000|0.000000|5.000000|5.000000|2.000000|2.000000|0.000000|0.000000|0.000000|0.000000|0|1|0|0|0
256.000000|144.000000|40.000000|360.000000|-216.000000|3.000000|3.000000|0.000000|0.000000|5.000000|5.000000|2.000000|2.000000|0.000000|0.000000|0.000000|0.000000|0|1|0|0|0
257.000000|143.000000|40.000000|360.000000|-217.000000|3.000000|3.000000|0.000000|0.000000|5.000000|5.000000|2.000000|2.000000|0.000000|0.000000|0.000000|0.000000|0|1|0|0|0
254.000000|146.000000|40.000000|360.000000|-214.000000|3.000000|3.000000|0.000000|0.000000|5.000000|5.000000|2.000000|2.000000|0.000000|0.000000|0.000000|0.000000|0|1|0|0|0
253.000000|147.000000|40.000000|360.000000|-213.000000|3.000000|3.000000|0.000000|0.000000|5.000000|5.000000|2.000000|2.000000|0.000000|0.000000|0.000000|0.000000|0|1|0|0|0
251.000000|149.000000|40.000000|360.000000|-211.000000|3.000000|3.000000|0.000000|0.000000|5.000000|5.000000|2.000000|2.000000|0.000000|0.000000|0.000000|0.000000|0|1|0|0|0
247.000000|153.000000|40.000000|360.000000|-207.000000|3.000000|3.000000|0.000000|0.000000|5.000000|5.000000|2.000000|2.000000|0.000000|0.000000|0.000000|0.000000|0|1|0|0|0
244.000000|156.000000|40.000000|360.000000|-204.000000|3.000000|3.000000|0.000000|0.000000|5.000000|5.000000|2.000000|2.000000|0.000000|0.000000|0.000000|0.000000|0|1|0|0|0
243.000000|157.000000|40.000000|360.000000|-203.000000|3.000000|3.000000|0.000000|0.000000|5.000000|5.000000|2.000000|2.000000|0.000000|0.000000|0.000000|0.000000|0|1|0|0|0
241.000000|159.000000|40.000000|360.000000|-201.000000|3.000000|3.000000|0.000000|0.000000|5.000000|5.000000|2.000000|2.000000|0.000000|0.000000|0.000000|0.000000|0|1|0|0|0
237.000000|163.000000|40.000000|360.000000|-197.000000|3.000000|3.000000|0.000000|0.000000|5.000000|5.000000|2.000000|2.000000|0.000000|0.000000|0.000000|0.000000|0|1|0|0|0
234.000000|166.000000|40.000000|360.000000|-194.000000|3.000000|3.000000|0.000000|0.000000|5.000000|5.000000|2.000000|2.000000|0.000000|0.000000|0.000000|0.000000|0|1|0|0|0
233.000000|167.000000|40.000000|360.000000|-193.000000|3.000000|3.000000|0.000000|0.000000|5.000000|5.000000|2.000000|2.000000|0.000000|0.000000|0.000000|0.000000|0|1|0|0|0
231.000000|169.000000|40.000000|360.000000|-191.000000|3.000000|3.000000|0.000000|0.000000|5.000000|5.000000|2.000000|2.000000|0.000000|0.000000|0.000000|0.000000|0|1|0|0|0
227.000000|173.000000|40.000000|360.000000|-187.000000|3.000000|3.000000|0.000000|0.000000|5.000000|5.000000|2.000000|2.000000|0.000000|0.000000|0.000000|0.000000|0|1|0|0|0
224.000000|176.000000|40.000000|360.000000|-184.000000|3.000000|3.000000|0.000000|0.000000|5.000000|5.000000|2.000000|2.000000|0.000000|0.000000|0.000000|0.000000|0|1|0|0|0
223.000000|177.000000|40.000000|360.000000|-183.000000|3.000000|3.000000|0.000000|0.000000|5.000000|5.000000|2.000000|2.000000|0.000000|0.000000|0.000000|0.000000|0|1|0|0|0
221.000000|179.000000|40.000000|360.000000|-181.000000|3.000000|3.000000|0.000000|0.000000|5.000000|5.000000|2.000000|2.000000|0.000000|0.000000|0.000000|0.000000|0|1|0|0|0
217.000000|183.000000|40.000000|360.000000|-177.000000|3.000000|3.000000|0.000000|0.000000|5.000000|5.000000|2.000000|2.000000|0.000000|0.000000|0.000000|0.000000|0|1|0|0|0
214.000000|186.000000|40.000000|360.000000|-174.000000|3.000000|3.000000|0.000000|0.000000|5.000000|5.000000|2.000000|2.000000|0.000000|0.000000|0.000000|0.000000|0|1|0|0|0
213.000000|187.000000|40.000000|360.000000|-173.000000|3.000000|3.000000|0.000000|0.000000|5.000000|5.000000|2.000000|2.000000|0.000000|0.000000|0.000000|0.000000|0|1|0|0|0
211.000000|189.000000|40.000000|360.000000|-171.000000|3.000000|3.000000|0.000000|0.000000|5.000000|5.000000|2.000000|2.000000|0.000000|0.000000|0.000000|0.000000|0|1|0|0|0
207.000000|193.000000|40.000000|360.000000|-167.000000|3.000000|3.000000|0.000000|0.000000|5.000000|5.000000|2.000000|2.000000|0.000000|0.000000|0.000000|0.000000|0|1|0|0|0
204.000000|196.000000|40.000000|360.000000|-164.000000|3.000000|3.000000|0.000000|0.000000|5.000000|5.000000|2.000000|2.000000|0.000000|0.000000|0.000000|0.000000|0|1|0|0|0
203.000000|197.000000|40.000000|360.000000|-163.000000|3.000000|3.000000|0.000000|0.000000|5.000000|5.000000|2.000000|2.000000|0.000000|0.000000|0.000000|0.000000|0|1|0|0|0
201.000000|199.000000|40.000000|360.000000|-161.000000|3.000000|3.000000|0.000000|0.000000|5.000000|5.000000|2.000000|2.000000|0.000000|0.000000|0.000000|0.000000|0|1|0|0|0
201.000000|199.000000|40.000000|360.000000|-161.000000|3.000000|3.000000|0.000000|0.000000|5.000000|5.000000|2.000000|2.000000|0.000000|0.000000|0.000000|0.000000|0|0|0|0|0
201.000000|199.000000|40.000000|360.000000|-161.000000|3.000000|3.000000|0.000000|0.000000|5.000000|5.000000|2.000000|2.000000|0.000000|0.000000|0.000000|0.000000|0|1|0|0|0
198.000000|202.000000|40.000000|360.000000|-158.000000|3.000000|3.000000|0.000000|0.000000|5.000000|5.000000|2.000000|2.000000|0.000000|0.000000|0.000000|0.000000|0|1|0|0|0
198.000000|202.000000|40.000000|360.000000|-158.000000|3.000000|3.000000|0.000000|0.000000|5.000000|5.000000|2.000000|2.000000|0.000000|0.000000|0.000000|0.000000|0|0|0|0|0
197.000000|203.000000|40.000000|360.000000|-157.000000|3.000000|3.000000|0.000000|0.000000|5.000000|5.000000|2.000000|2.000000|0.000000|0.000000|0.000000|0.000000|0|0|0|0|0
195.000000|205.000000|40.000000|360.000000|-155.000000|3.000000|3.000000|0.000000|0.000000|5.000000|5.000000|2.000000|2.000000|0.000000|0.000000|0.000000|0.000000|0|0|0|0|0
195.000000|205.000000|40.000000|360.000000|-155.000000|3.000000|3.000000|0.000000|0.000000|5.000000|5.000000|2.000000|2.000000|0.000000|0.000000|0.000000|0.000000|0|-1|0|0|0
199.000000|201.000000|40.000000|360.000000|-159.000000|3.000000|3.000000|0.000000|0.000000|5.000000|5.000000|2.000000|2.000000|0.000000|0.000000|0.000000|0.000000|0|0|0|0|0
201.000000|199.000000|40.000000|360.000000|-161.000000|3.000000|3.000000|0.000000|0.000000|5.000000|5.000000|2.000000|2.000000|0.000000|0.000000|0.000000|0.000000|0|0|0|0|0
202.000000|198.000000|40.000000|360.000000|-162.000000|3.000000|3.000000|0.000000|0.000000|5.000000|5.000000|2.000000|2.000000|0.000000|0.000000|0.000000|0.000000|0|0|0|0|0
202.000000|198.000000|40.000000|360.000000|-162.000000|3.000000|3.000000|0.000000|0.000000|5.000000|5.000000|2.000000|2.000000|0.000000|0.000000|0.000000|0.000000|0|1|0|0|0
202.000000|198.000000|40.000000|360.000000|-162.000000|3.000000|3.000000|0.000000|0.000000|5.000000|5.000000|2.000000|2.000000|0.000000|0.000000|0.000000|0.000000|0|0|0|0|0
199.000000|201.000000|40.000000|360.000000|-159.000000|3.000000|3.000000|0.000000|0.000000|5.000000|5.000000|2.000000|2.000000|0.000000|0.000000|0.000000|0.000000|0|0|0|0|0
199.000000|201.000000|40.000000|360.000000|-159.000000|3.000000|3.000000|0.000000|0.000000|5.000000|5.000000|2.000000|2.000000|0.000000|0.000000|0.000000|0.000000|0|-1|0|0|0
198.000000|202.000000|40.000000|360.000000|-158.000000|3.000000|3.000000|0.000000|0.000000|5.000000|5.000000|2.000000|2.000000|0.000000|0.000000|0.000000|0.000000|0|-1|0|0|0
196.000000|204.000000|40.000000|360.000000|-156.000000|3.000000|3.000000|0.000000|0.000000|5.000000|5.000000|2.000000|2.000000|0.000000|0.000000|0.000000|0.000000|0|-1|0|0|0
196.000000|204.000000|40.000000|360.000000|-156.000000|3.000000|3.000000|0.000000|0.000000|5.000000|5.000000|2.000000|2.000000|0.000000|0.000000|0.000000|0.000000|0|0|0|0|0
200.000000|200.000000|40.000000|360.000000|-160.000000|3.000000|3.000000|0.000000|0.000000|5.000000|5.000000|2.000000|2.000000|0.000000|0.000000|0.000000|0.000000|0|0|0|0|0
202.000000|198.000000|40.000000|360.000000|-162.000000|3.000000|3.000000|0.000000|0.000000|5.000000|5.000000|2.000000|2.000000|0.000000|0.000000|0.000000|0.000000|0|0|0|0|0
203.000000|197.000000|40.000000|360.000000|-163.000000|3.000000|3.000000|0.000000|0.000000|5.000000|5.000000|2.000000|2.000000|0.000000|0.000000|0.000000|0.000000|0|0|0|0|0
203.000000|197.000000|40.000000|360.000000|-163.000000|3.000000|3.000000|0.000000|0.000000|5.000000|5.000000|2.000000|2.000000|0.000000|0.000000|0.000000|0.000000|0|1|0|0|0
200.000000|200.000000|40.000000|360.000000|-160.000000|3.000000|3.000000|0.000000|0.000000|5.000000|5.000000|2.000000|2.000000|0.000000|0.000000|0.000000|0.000000|0|0|0|0|0
200.000000|200.000000|40.000000|360.000000|-160.000000|3.000000|3.000000|0.000000|0.000000|5.000000|5.000000|2.000000|2.000000|0.000000|0.000000|0.000000|0.000000|0|-1|0|0|0
199.000000|201.000000|40.000000|360.000000|-159.000000|3.000000|3.000000|0.000000|0.000000|5.000000|5.000000|2.000000|2.000000|0.000000|0.000000|0.000000|0.000000|0|-1|0|0|0
197.000000|203.000000|40.000000|360.000000|-157.000000|3.000000|3.000000|0.000000|0.000000|5.000000|5.000000|2.000000|2.000000|0.000000|0.000000|0.000000|0.000000|0|-1|0|0|0
201.000000|199.000000|40.000000|360.000000|-161.000000|3.000000|3.000000|0.000000|0.000000|5.000000|5.000000|2.000000|2.000000|0.000000|0.000000|0.000000|0.000000|0|-1|0|0|0
201.000000|199.000000|40.000000|360.000000|-161.000000|3.000000|3.000000|0.000000|0.000000|5.000000|5.000000|2.000000|2.000000|0.000000|0.000000|0.000000|0.000000|0|0|0|0|0
203.000000|197.000000|40.000000|360.000000|-163.000000|3.000000|3.000000|0.000000|0.000000|5.000000|5.000000|2.000000|2.000000|0.000000|0.000000|0.000000|0.000000|0|0|0|0|0
204.000000|196.000000|40.000000|360.000000|-164.000000|3.000000|3.000000|0.000000|0.000000|5.000000|5.000000|2.000000|2.000000|0.000000|0.000000|0.000000|0.000000|0|0|0|0|0
