360.000000|40.000000|40.000000|360.000000|-320.000000|3.042000|3.042000|0.000000|0.000000|3.000000|3.000000|2.000000|2.000000|0.000000|0.000000|0.000000|0.000000|1|0|0|0|0|0
360.000000|40.000000|40.000000|360.000000|-320.000000|3.042000|3.042000|0.000000|0.000000|3.000000|3.000000|2.000000|2.000000|0.000000|0.000000|0.000000|0.000000|2|0|0|0|0|0
360.000000|40.000000|40.000000|360.000000|-320.000000|3.042000|3.042000|0.000000|0.000000|3.000000|3.000000|2.000000|2.000000|0.000000|0.000000|0.000000|0.000000|3|0|0|0|0|0
360.000000|40.000000|40.000000|360.000000|-320.000000|3.042000|3.042000|0.000000|0.000000|3.000000|3.000000|2.000000|2.000000|0.000000|0.000000|0.000000|0.000000|4|0|0|0|0|0
360.000000|40.000000|40.000000|360.000000|-320.000000|3.042000|3.042000|0.000000|0.000000|3.000000|3.000000|2.000000|2.000000|0.000000|0.000000|0.000000|0.000000|5|0|0|0|0|0
360.000000|40.000000|40.000000|360.000000|-320.000000|3.042000|3.042000|0.000000|0.000000|3.000000|3.000000|2.000000|2.000000|0.000000|0.000000|0.000000|0.000000|6|0|0|0|0|0
360.000000|40.000000|40.000000|360.000000|-320.000000|3.042000|3.042000|0.000000|0.000000|3.000000|3.000000|2.000000|2.000000|0.000000|0.000000|0.000000|0.000000|7|0|0|0|0|0
360.000000|40.000000|40.000000|360.000000|-320.000000|3.042000|3.042000|0.000000|0.000000|3.000000|3.000000|2.000000|2.000000|0.000000|0.000000|0.000000|0.000000|8|0|0|0|0|0
360.000000|40.000000|40.000000|360.000000|-320.000000|3.042000|3.042000|0.000000|0.000000|3.000000|3.000000|2.000000|2.000000|0.000000|0.000000|0.000000|0.000000|9|0|0|0|0|0
360.000000|40.000000|40.000000|360.000000|-320.000000|3.042000|3.042000|0.000000|0.000000|3.000000|3.000000|2.000000|2.000000|0.000000|0.000000|0.000000|0.000000|10|0|0|0|0|0
360.000000|40.000000|40.000000|360.000000|-320.000000|3.042000|3.042000|0.000000|0.000000|3.000000|3.000000|2.000000|2.000000|0.000000|0.000000|0.000000|0.000000|11|0|0|0|0|0
360.000000|40.000000|40.000000|360.000000|-320.000000|3.042000|3.042000|0.000000|0.000000|3.000000|3.000000|2.000000|2.000000|0.000000|0.000000|0.000000|0.000000|12|0|0|0|0|0
360.000000|40.000000|40.000000|360.000000|-320.000000|3.042000|3.042000|0.000000|0.000000|3.000000|3.000000|2.000000|2.000000|0.000000|0.000000|0.000000|0.000000|13|0|0|0|0|0
360.000000|40.000000|40.000000|360.000000|-320.000000|3.042000|3.042000|0.000000|0.000000|3.000000|3.000000|2.000000|2.000000|0.000000|0.000000|0.000000|0.000000|14|0|0|0|0|0
360.000000|40.000000|40.000000|360.000000|-320.000000|3.042000|3.042000|0.000000|0.000000|3.000000|3.000000|2.000000|2.000000|0.000000|0.000000|0.000000|0.000000|15|0|0|0|0|0
360.000000|40.000000|40.000000|360.000000|-320.000000|3.042000|3.042000|0.000000|0.000000|3.000000|3.000000|2.000000|2.000000|0.000000|0.000000|0.000000|0.000000|16|0|0|0|0|0
360.000000|40.000000|40.000000|360.000000|-320.000000|3.042000|3.042000|0.000000|0.000000|3.000000|3.000000|2.000000|2.000000|0.000000|0.000000|0.000000|0.000000|17|0|0|0|0|0
360.000000|40.000000|40.000000|360.000000|-320.000000|3.042000|3.042000|0.000000|0.000000|3.000000|3.000000|2.000000|2.000000|0.000000|0.000000|0.000000|0.000000|18|0|0|0|0|0
360.000000|40.000000|40.000000|360.000000|-320.000000|3.042000|3.042000|0.000000|0.000000|3.000000|3.000000|2.000000|2.000000|0.000000|0.000000|0.000000|0.000000|19|0|0|0|0|0
360.000000|40.000000|40.000000|360.000000|-320.000000|3.042000|3.042000|0.000000|0.000000|3.000000|3.000000|2.000000|2.000000|0.000000|0.000000|0.000000|0.000000|20|0|-1|0|0|0
360.000000|40.000000|40.000000|360.000000|-320.000000|3.042000|3.042000|0.000000|0.000000|3.000000|3.000000|2.000000|2.000000|0.000000|0.000000|0.000000|0.000000|21|0|-1|0|0|0
360.000000|40.000000|40.000000|360.000000|-320.000000|3.042000|3.042000|0.000000|0.000000|3.000000|3.000000|2.000000|2.000000|0.000000|0.000000|0.000000|0.000000|22|0|-1|0|0|0
360.000000|40.000000|40.000000|360.000000|-320.000000|3.042000|3.042000|0.000000|0.000000|3.000000|3.000000|2.000000|2.000000|0.000000|0.000000|0.000000|0.000000|23|0|-1|0|0|0
357.000000|43.000000|43.000000|357.000000|-314.000000|3.042000|3.042000|0.000000|0.000000|3.000000|3.000000|2.000000|2.000000|0.000000|0.000000|0.000000|0.000000|24|0|-1|0|0|0
357.000000|43.000000|43.000000|357.000000|-314.000000|3.042000|3.042000|0.000000|0.000000|3.000000|3.000000|2.000000|2.000000|0.000000|0.000000|0.000000|0.000000|25|0|-1|0|0|0
356.000000|44.000000|44.000000|356.000000|-312.000000|3.042000|3.042000|0.000000|0.000000|3.000000|3.000000|2.000000|2.000000|0.000000|0.000000|0.000000|0.000000|26|0|-1|0|0|0
356.000000|44.000000|44.000000|356.000000|-312.000000|3.042000|3.042000|0.000000|0.000000|3.000000|3.000000|2.000000|2.000000|0.000000|0.000000|0.000000|0.000000|27|0|-1|0|0|0
354.000000|46.000000|46.000000|354.000000|-308.000000|3.042000|3.042000|0.000000|0.000000|3.000000|3.000000|2.000000|2.000000|0.000000|0.000000|0.000000|0.000000|28|0|-1|0|0|0
354.000000|46.000000|46.000000|354.000000|-308.000000|3.042000|3.042000|0.000000|0.000000|3.000000|3.000000|2.000000|2.000000|0.000000|0.000000|0.000000|0.000000|29|0|-1|0|0|0
350.000000|50.000000|50.000000|350.000000|-300.000000|3.042000|3.042000|0.000000|0.000000|3.000000|3.000000|2.000000|2.000000|0.000000|0.000000|0.000000|0.000000|30|0|-1|0|0|0
350.000000|50.000000|50.000000|350.000000|-300.000000|3.042000|3.042000|0.000000|0.000000|3.000000|3.000000|2.000000|2.000000|0.000000|0.000000|0.000000|0.000000|31|0|-1|0|0|0
347.000000|53.000000|53.000000|347.000000|-294.000000|3.042000|3.042000|0.000000|0.000000|3.000000|3.000000|2.000000|2.000000|0.000000|0.000000|0.000000|0.000000|32|0|-1|0|0|0
347.000000|53.000000|53.000000|347.000000|-294.000000|3.042000|3.042000|0.000000|0.000000|3.000000|3.000000|2.000000|2.000000|0.000000|0.000000|0.000000|0.000000|33|0|-1|0|0|0
346.000000|54.000000|54.000000|346.000000|-292.000000|3.042000|3.042000|0.000000|0.000000|3.000000|3.000000|2.000000|2.000000|0.000000|0.000000|0.000000|0.000000|34|0|-1|0|0|0
346.000000|54.000000|54.000000|346.000000|-292.000000|3.042000|3.042000|0.000000|0.000000|3.000000|3.000000|2.000000|2.000000|0.000000|0.000000|0.000000|0.000000|35|0|-1|0|0|0
344.000000|56.000000|56.000000|344.000000|-288.000000|3.042000|3.042000|0.000000|0.000000|3.000000|3.000000|2.000000|2.000000|0.000000|0.000000|0.000000|0.000000|36|0|-1|0|0|0
344.000000|56.000000|56.000000|344.000000|-288.000000|3.042000|3.042000|0.000000|0.000000|3.000000|3.000000|2.000000|2.000000|0.000000|0.000000|0.000000|0.000000|37|0|-1|0|1|0
333.000000|67.000000|60.000000|340.000000|-273.000000|2.042000|3.042000|0.000000|0.000000|3.000000|3.000000|2.000000|2.000000|0.000000|0.000000|-6.200000|0.000000|38|0|-1|0|1|0
326.799988|73.200012|60.000000|340.000000|-266.799988|2.084000|3.042000|0.000000|0.000000|3.000000|3.000000|2.000000|2.000000|0.000000|0.000000|-5.400000|0.000000|39|0|-1|0|1|0
318.399994|81.600006|70.000000|330.000000|-248.399994|2.126000|2.042000|0.000000|0.000000|3.000000|3.000000|2.000000|2.000000|0.000000|0.000000|-4.599999|6.200000|40|0|-1|0|0|0
313.799988|86.200012|76.199997|323.799988|-237.599991|2.168000|2.084000|0.000000|0.000000|3.000000|3.000000|2.000000|2.000000|0.000000|0.000000|-3.799999|5.400000|41|0|-1|0|0|0
309.000000|91.000000|82.599991|317.400024|-226.400009|2.210000|2.126000|0.000000|0.000000|3.000000|3.000000|2.000000|2.000000|0.000000|0.000000|-3.000000|4.599999|42|0|-1|0|0|0
306.000000|94.000000|87.199997|312.799988|-218.800003|2.252000|2.168000|0.000000|0.000000|3.000000|3.000000|2.000000|2.000000|0.000000|0.000000|-2.200000|3.799999|43|0|-1|0|0|0
301.799988|98.200012|93.000000|307.000000|-208.799988|2.294000|2.210000|0.000000|0.000000|3.000000|3.000000|2.000000|2.000000|0.000000|0.000000|-1.400000|3.000000|44|0|-1|0|0|0
300.399994|99.600006|96.000000|304.000000|-204.399994|2.336000|2.252000|0.000000|0.000000|3.000000|3.000000|2.000000|2.000000|0.000000|0.000000|-0.600000|2.200000|45|0|-1|0|0|0
295.799988|104.200012|102.199997|297.799988|-193.599991|2.378000|2.294000|0.000000|0.000000|3.000000|3.000000|2.000000|2.000000|0.000000|0.000000|0.000000|1.400000|46|0|-1|0|1|0
288.799988|111.200012|110.599991|289.400024|-178.199997|1.420001|1.336000|0.000000|0.000000|3.000000|3.000000|2.000000|2.000000|0.000000|0.000000|-6.200000|7.599999|47|0|-1|0|1|0
279.599976|120.400024|121.199997|278.799988|-158.399979|1.462001|1.378000|0.000000|0.000000|3.000000|3.000000|2.000000|2.000000|0.000000|0.000000|-5.400000|6.799999|48|0|-1|0|1|0
274.199982|125.800018|128.000000|272.000000|-146.199982|1.504001|1.420001|0.000000|0.000000|3.000000|3.000000|2.000000|2.000000|0.000000|0.000000|-4.599999|5.999999|49|0|-1|0|0|0
268.599976|131.400024|135.000000|265.000000|-133.599976|1.546001|1.462001|0.000000|0.000000|3.000000|3.000000|2.000000|2.000000|0.000000|0.000000|-3.799999|5.199999|50|0|-1|0|0|0
264.799988|135.200012|140.199997|259.799988|-124.599991|1.588001|1.504001|0.000000|0.000000|3.000000|3.000000|2.000000|2.000000|0.000000|0.000000|-3.000000|4.399999|51|0|-1|0|0|0
259.799988|140.200012|146.599991|253.400009|-113.199997|1.630001|1.546001|0.000000|0.000000|3.000000|3.000000|2.000000|2.000000|0.000000|0.000000|-2.200000|3.599999|52|0|-1|0|0|0
257.599976|142.400024|150.199997|249.800003|-107.399979|1.672001|1.588001|0.000000|0.000000|3.000000|3.000000|2.000000|2.000000|0.000000|0.000000|-1.400000|2.799999|53|0|-1|0|0|0
252.199982|147.800018|157.000000|243.000000|-95.199982|1.714001|1.630001|0.000000|0.000000|3.000000|3.000000|2.000000|2.000000|0.000000|0.000000|-0.600000|1.999999|54|0|-1|0|0|0
251.599976|148.400024|159.000000|241.000000|-92.599976|1.756001|1.672001|0.000000|0.000000|3.000000|3.000000|2.000000|2.000000|0.000000|0.000000|0.000000|1.199999|55|0|-1|0|0|0
248.599976|151.400024|163.199997|236.800003|-85.399979|1.798001|1.714001|0.000000|0.000000|3.000000|3.000000|2.000000|2.000000|0.000000|0.000000|0.000000|0.399999|56|0|-1|0|0|0
248.599976|151.400024|163.599991|236.400009|-84.999985|1.840001|1.756001|0.000000|0.000000|3.000000|3.000000|2.000000|2.000000|0.000000|0.000000|0.000000|0.000000|57|0|-1|0|0|0
247.599976|152.400024|164.599991|235.400009|-82.999985|1.882001|1.798001|0.000000|0.000000|3.000000|3.000000|2.000000|2.000000|0.000000|0.000000|0.000000|0.000000|58|0|-1|0|0|0
247.599976|152.400024|164.599991|235.400009|-82.999985|1.924001|1.840001|0.000000|0.000000|3.000000|3.000000|2.000000|2.000000|0.000000|0.000000|0.000000|0.000000|59|0|0|0|0|0
245.599976|154.400024|166.599991|233.400009|-78.999985|1.966001|1.882001|0.000000|0.000000|3.000000|3.000000|2.000000|2.000000|0.000000|0.000000|0.000000|0.000000|60|0|0|0|0|0
245.599976|154.400024|166.599991|233.400009|-78.999985|2.008001|1.924001|0.000000|0.000000|3.000000|3.000000|2.000000|2.000000|0.000000|0.000000|0.000000|0.000000|61|0|0|0|0|0
245.599976|154.400024|166.599991|233.400009|-78.999985|2.050001|1.966001|0.000000|0.000000|3.000000|3.000000|2.000000|2.000000|0.000000|0.000000|0.000000|0.000000|62|0|0|0|0|0
245.599976|154.400024|166.599991|233.400009|-78.999985|2.092001|2.008001|0.000000|0.000000|3.000000|3.000000|2.000000|2.000000|0.000000|0.000000|0.000000|0.000000|63|0|0|0|0|0
245.599976|154.400024|166.599991|233.400009|-78.999985|2.134001|2.050001|0.000000|0.000000|3.000000|3.000000|2.000000|2.000000|0.000000|0.000000|0.000000|0.000000|64|0|0|0|0|0
245.599976|154.400024|166.599991|233.400009|-78.999985|2.176002|2.092001|0.000000|0.000000|3.000000|3.000000|2.000000|2.000000|0.000000|0.000000|0.000000|0.000000|65|0|0|0|0|0
245.599976|154.400024|166.599991|233.400009|-78.999985|2.218002|2.134001|0.000000|0.000000|3.000000|3.000000|2.000000|2.000000|0.000000|0.000000|0.000000|0.000000|66|0|0|0|0|0
245.599976|154.400024|166.599991|233.400009|-78.999985|2.260002|2.176002|0.000000|0.000000|3.000000|3.000000|2.000000|2.000000|0.000000|0.000000|0.000000|0.000000|67|0|0|0|0|0
245.599976|154.400024|166.599991|233.400009|-78.999985|2.302002|2.218002|0.000000|0.000000|3.000000|3.000000|2.000000|2.000000|0.000000|0.000000|0.000000|0.000000|68|0|0|0|0|0
245.599976|154.400024|166.599991|233.400009|-78.999985|2.344002|2.260002|0.000000|0.000000|3.000000|3.000000|2.000000|2.000000|0.000000|0.000000|0.000000|0.000000|69|0|0|0|0|0
245.599976|154.400024|166.599991|233.400009|-78.999985|2.386002|2.302002|0.000000|0.000000|3.000000|3.000000|2.000000|2.000000|0.000000|0.000000|0.000000|0.000000|70|0|0|0|0|0
245.599976|154.400024|166.599991|233.400009|-78.999985|2.428002|2.344002|0.000000|0.000000|3.000000|3.000000|2.000000|2.000000|0.000000|0.000000|0.000000|0.000000|71|0|0|0|0|0
245.599976|154.400024|169.599991|230.400009|-75.999985|2.470002|2.386002|0.000000|0.000000|3.000000|3.000000|2.000000|2.000000|0.000000|0.000000|0.000000|0.000000|72|0|0|0|0|0
245.599976|154.400024|169.599991|230.400009|-75.999985|2.512002|2.428002|0.000000|0.000000|3.000000|3.000000|2.000000|2.000000|0.000000|0.000000|0.000000|0.000000|73|0|0|0|0|0
245.599976|154.400024|170.599991|229.400009|-74.999985|2.554002|2.470002|0.000000|0.000000|3.000000|3.000000|2.000000|2.000000|0.000000|0.000000|0.000000|0.000000|74|0|0|0|0|0
245.599976|154.400024|170.599991|229.400009|-74.999985|2.596002|2.512002|0.000000|0.000000|3.000000|3.000000|2.000000|2.000000|0.000000|0.000000|0.000000|0.000000|75|0|0|0|0|0
245.599976|154.400024|172.599991|227.400009|-72.999985|2.638002|2.554002|0.000000|0.000000|3.000000|3.000000|2.000000|2.000000|0.000000|0.000000|0.000000|0.000000|76|0|0|0|0|0
245.599976|154.400024|172.599991|227.400009|-72.999985|2.680002|2.596002|0.000000|0.000000|3.000000|3.000000|2.000000|2.000000|0.000000|0.000000|0.000000|0.000000|77|0|0|0|0|0
245.599976|154.400024|176.599991|223.400009|-68.999985|2.722002|2.638002|0.000000|0.000000|3.000000|3.000000|2.000000|2.000000|0.000000|0.000000|0.000000|0.000000|78|0|0|0|0|0
245.599976|154.400024|176.599991|223.400009|-68.999985|2.764002|2.680002|0.000000|0.000000|3.000000|3.000000|2.000000|2.000000|0.000000|0.000000|0.000000|0.000000|79|0|0|0|0|0
245.599976|154.400024|179.599991|220.400009|-65.999985|2.806002|2.722002|0.000000|0.000000|3.000000|3.000000|2.000000|2.000000|0.000000|0.000000|0.000000|0.000000|80|0|0|0|0|0
245.599976|154.400024|179.599991|220.400009|-65.999985|2.848002|2.764002|0.000000|0.000000|3.000000|3.000000|2.000000|2.000000|0.000000|0.000000|0.000000|0.000000|81|0|0|0|0|0
245.599976|154.400024|180.599991|219.400009|-64.999985|2.890002|2.806002|0.000000|0.000000|3.000000|3.000000|2.000000|2.000000|0.000000|0.000000|0.000000|0.000000|82|0|0|0|0|0
245.599976|154.400024|180.599991|219.400009|-64.999985|2.932003|2.848002|0.000000|0.000000|3.000000|3.000000|2.000000|2.000000|0.000000|0.000000|0.000000|0.000000|83|0|0|0|0|0
245.599976|154.400024|182.599991|217.400009|-62.999985|2.974003|2.890002|0.000000|0.000000|3.000000|3.000000|2.000000|2.000000|0.000000|0.000000|0.000000|0.000000|84|0|0|0|0|0
245.599976|154.400024|182.599991|217.400009|-62.999985|3.016003|2.932003|0.000000|0.000000|3.000000|3.000000|2.000000|2.000000|0.000000|0.000000|0.000000|0.000000|85|0|0|0|0|0
245.599976|154.400024|182.599991|217.400009|-62.999985|3.016003|2.974003|0.000000|0.000000|3.000000|3.000000|2.000000|2.000000|0.000000|0.000000|0.000000|0.000000|86|0|0|0|0|0
245.599976|154.400024|182.599991|217.400009|-62.999985|3.016003|3.016003|0.000000|0.000000|3.000000|3.000000|2.000000|2.000000|0.000000|0.000000|0.000000|0.000000|87|0|0|0|0|0
245.599976|154.400024|182.599991|217.400009|-62.999985|3.016003|3.016003|0.000000|0.000000|3.000000|3.000000|2.000000|2.000000|0.000000|0.000000|0.000000|0.000000|88|0|0|0|0|0
245.599976|154.400024|182.599991|217.400009|-62.999985|3.016003|3.016003|0.000000|0.000000|3.000000|3.000000|2.000000|2.000000|0.000000|0.000000|0.000000|0.000000|89|0|0|0|0|0
245.599976|154.400024|182.599991|217.400009|-62.999985|3.016003|3.016003|0.000000|0.000000|3.000000|3.000000|2.000000|2.000000|0.000000|0.000000|0.000000|0.000000|90|-1|0|0|0|0
245.599976|154.400024|182.599991|217.400009|-62.999985|3.016003|3.016003|-1.000000|0.000000|3.000000|3.000000|2.000000|2.000000|0.000000|0.000000|0.000000|0.000000|91|-1|0|0|0|0
245.599976|154.400024|182.599991|217.400009|-62.999985|3.016003|3.016003|-1.000000|0.000000|3.000000|3.000000|2.000000|2.000000|0.000000|0.000000|0.000000|0.000000|92|-1|0|0|0|0
245.599976|154.400024|182.599991|217.400009|-62.999985|3.016003|3.016003|-1.000000|0.000000|3.000000|3.000000|2.000000|2.000000|0.000000|0.000000|0.000000|0.000000|93|-1|0|0|0|0
245.599976|154.400024|182.599991|217.400009|-62.999985|3.016003|3.016003|-1.000000|0.000000|3.000000|3.000000|2.000000|2.000000|0.000000|0.000000|0.000000|0.000000|94|-1|0|0|0|0
245.599976|154.400024|182.599991|217.400009|-62.999985|3.016003|3.016003|-1.000000|0.000000|3.000000|3.000000|2.000000|2.000000|0.000000|0.000000|0.000000|0.000000|95|-1|0|0|0|0
245.599976|154.400024|182.599991|217.400009|-62.999985|3.016003|3.016003|-1.000000|0.000000|3.000000|3.000000|2.000000|2.000000|0.000000|0.000000|0.000000|0.000000|96|-1|0|0|0|0
245.599976|154.400024|182.599991|217.400009|-62.999985|3.016003|3.016003|-1.000000|0.000000|3.000000|3.000000|2.000000|2.000000|0.000000|0.000000|0.000000|0.000000|97|-1|0|0|0|0
245.599976|154.400024|182.599991|217.400009|-62.999985|3.016003|3.016003|-1.000000|0.000000|3.000000|3.000000|2.000000|2.000000|0.000000|0.000000|0.000000|0.000000|98|-1|0|0|0|0
245.599976|154.400024|182.599991|217.400009|-62.999985|3.016003|3.016003|-1.000000|0.000000|3.000000|3.000000|2.000000|2.000000|0.000000|0.000000|0.000000|0.000000|99|-1|0|0|0|0
245.599976|154.400024|182.599991|217.400009|-62.999985|3.016003|3.016003|-1.000000|0.000000|3.000000|3.000000|2.000000|2.000000|0.000000|0.000000|0.000000|0.000000|100|-1|0|0|0|0
245.599976|154.400024|182.599991|217.400009|-62.999985|3.016003|3.016003|-1.000000|0.000000|3.000000|3.000000|2.000000|2.000000|0.000000|0.000000|0.000000|0.000000|101|-1|0|0|0|0
245.599976|154.400024|182.599991|217.400009|-62.999985|3.016003|3.016003|-1.000000|0.000000|3.000000|3.000000|2.000000|2.000000|0.000000|0.000000|0.000000|0.000000|102|-1|0|0|0|0
245.599976|154.400024|182.599991|217.400009|-62.999985|3.016003|3.016003|-1.000000|0.000000|3.000000|3.000000|2.000000|2.000000|0.000000|0.000000|0.000000|0.000000|103|-1|0|0|0|0
245.599976|154.400024|182.599991|217.400009|-62.999985|3.016003|3.016003|-1.000000|0.000000|3.000000|3.000000|2.000000|2.000000|0.000000|0.000000|0.000000|0.000000|104|-1|0|0|0|0
245.599976|154.400024|182.599991|217.400009|-62.999985|3.016003|3.016003|-1.000000|0.000000|3.000000|3.000000|2.000000|2.000000|0.000000|0.000000|0.000000|0.000000|105|-1|0|0|0|0
245.599976|154.400024|182.599991|217.400009|-62.999985|3.016003|3.016003|-1.000000|0.000000|3.000000|3.000000|2.000000|2.000000|0.000000|0.000000|0.000000|0.000000|106|-1|0|0|0|0
245.599976|154.400024|182.599991|217.400009|-62.999985|3.016003|3.016003|-1.000000|0.000000|3.000000|3.000000|2.000000|2.000000|0.000000|0.000000|0.000000|0.000000|107|-1|0|0|0|0
245.599976|154.400024|182.599991|217.400009|-62.999985|3.016003|3.016003|-1.000000|0.000000|3.000000|3.000000|2.000000|2.000000|0.000000|0.000000|0.000000|0.000000|108|-1|0|0|0|0
245.599976|154.400024|182.599991|217.400009|-62.999985|3.016003|3.016003|-1.000000|0.000000|3.000000|3.000000|2.000000|2.000000|0.000000|0.000000|0.000000|0.000000|109|-1|0|0|0|0
245.599976|154.400024|182.599991|217.400009|-62.999985|3.016003|3.016003|-1.000000|0.000000|3.000000|3.000000|2.000000|2.000000|0.000000|0.000000|0.000000|0.000000|110|-1|0|0|0|0
245.599976|154.400024|182.599991|217.400009|-62.999985|3.016003|3.016003|-1.000000|0.000000|3.000000|3.000000|2.000000|2.000000|0.000000|0.000000|0.000000|0.000000|111|-1|0|0|0|0
245.599976|154.400024|182.599991|217.400009|-62.999985|3.016003|3.016003|-1.000000|0.000000|3.000000|3.000000|2.000000|2.000000|0.000000|0.000000|12.000000|-6.000000|112|-1|0|0|0|0
257.599976|142.400024|176.599991|223.400009|-80.999985|3.016003|3.016003|-1.000000|0.000000|3.000000|3.000000|2.000000|2.000000|0.000000|0.000000|11.200000|-5.200000|113|-1|0|0|0|0
268.799988|131.200012|171.399994|228.600006|-97.399994|3.016003|3.016003|-1.000000|0.000000|3.000000|3.000000|2.000000|2.000000|0.000000|0.000000|10.400000|-4.400000|114|-1|0|0|0|0
279.199982|120.800018|167.000000|233.000000|-112.199982|3.016003|3.016003|-1.000000|0.000000|3.000000|3.000000|2.000000|2.000000|0.000000|0.000000|9.599999|-3.600000|115|-1|0|0|0|0
288.799988|111.200012|163.399994|236.600006|-125.399994|3.016003|3.016003|-1.000000|0.000000|3.000000|3.000000|2.000000|2.000000|0.000000|0.000000|8.799999|-2.800000|116|-1|0|0|0|0
297.599976|102.400024|160.599991|239.400009|-136.999985|3.016003|3.016003|-1.000000|0.000000|3.000000|3.000000|2.000000|2.000000|0.000000|0.000000|7.999999|-2.000000|117|-1|0|0|0|0
305.599976|94.400024|158.599991|241.400009|-146.999985|3.016003|3.016003|-1.000000|0.000000|3.000000|3.000000|2.000000|2.000000|0.000000|0.000000|7.199999|-1.200000|118|-1|0|0|0|0
312.799988|87.200012|157.399994|242.600006|-155.399994|3.016003|3.016003|-1.000000|0.000000|3.000000|3.000000|2.000000|2.000000|0.000000|0.000000|6.399999|-0.400000|119|-1|0|0|0|0
319.199982|80.800018|157.000000|243.000000|-162.199982|3.016003|3.016003|-1.000000|0.000000|3.000000|3.000000|2.000000|2.000000|0.000000|0.000000|5.599998|0.000000|120|-1|0|0|0|0
324.799988|75.200012|157.000000|243.000000|-167.799988|3.016003|3.016003|-1.000000|0.000000|3.000000|3.000000|2.000000|2.000000|0.000000|0.000000|4.799998|0.000000|121|-1|0|0|0|0
329.599976|70.400024|157.000000|243.000000|-172.599976|3.016003|3.016003|-1.000000|0.000000|3.000000|3.000000|2.000000|2.000000|0.000000|0.000000|3.999998|0.000000|122|-1|0|0|0|0
333.599976|66.400024|157.000000|243.000000|-176.599976|3.016003|3.016003|-1.000000|0.000000|3.000000|3.000000|2.000000|2.000000|0.000000|0.000000|3.199998|0.000000|123|-1|0|0|0|0
336.799988|63.200012|157.000000|243.000000|-179.799988|3.016003|3.016003|-1.000000|0.000000|3.000000|3.000000|2.000000|2.000000|0.000000|0.000000|2.399998|0.000000|124|-1|0|0|0|0
339.199982|60.800018|157.000000|243.000000|-182.199982|3.016003|3.016003|-1.000000|0.000000|3.000000|3.000000|2.000000|2.000000|0.000000|0.000000|1.599998|0.000000|125|-1|0|0|0|0
340.799988|59.200012|157.000000|243.000000|-183.799988|3.016003|3.016003|-1.000000|0.000000|3.000000|3.000000|2.000000|2.000000|0.000000|0.000000|0.799998|0.000000|126|-1|0|0|0|0
341.599976|58.400024|157.000000|243.000000|-184.599976|3.016003|3.016003|-1.000000|0.000000|3.000000|3.000000|2.000000|2.000000|0.000000|0.000000|0.000000|0.000000|127|-1|0|0|0|0
341.599976|58.400024|157.000000|243.000000|-184.599976|3.016003|3.016003|-1.000000|0.000000|3.000000|3.000000|2.000000|2.000000|0.000000|0.000000|0.000000|0.000000|128|-1|0|0|0|0
341.599976|58.400024|157.000000|243.000000|-184.599976|3.016003|3.016003|-1.000000|0.000000|3.000000|3.000000|2.000000|2.000000|0.000000|0.000000|0.000000|0.000000|129|0|0|0|0|0
341.599976|58.400024|157.000000|243.000000|-184.599976|3.016003|3.016003|0.000000|0.000000|3.000000|3.000000|2.000000|2.000000|0.000000|0.000000|0.000000|0.000000|130|0|0|0|0|0
341.599976|58.400024|157.000000|243.000000|-184.599976|3.016003|3.016003|0.000000|0.000000|3.000000|3.000000|2.000000|2.000000|0.000000|0.000000|0.000000|0.000000|131|0|0|0|0|0
341.599976|58.400024|157.000000|243.000000|-184.599976|3.016003|3.016003|0.000000|0.000000|3.000000|3.000000|2.000000|2.000000|0.000000|0.000000|0.000000|0.000000|132|0|0|0|0|0
341.599976|58.400024|157.000000|243.000000|-184.599976|3.016003|3.016003|0.000000|0.000000|3.000000|3.000000|2.000000|2.000000|0.000000|0.000000|0.000000|0.000000|133|0|0|0|0|0
341.599976|58.400024|157.000000|243.000000|-184.599976|3.016003|3.016003|0.000000|0.000000|3.000000|3.000000|2.000000|2.000000|0.000000|0.000000|0.000000|0.000000|134|0|0|0|0|0
341.599976|58.400024|157.000000|243.000000|-184.599976|3.016003|3.016003|0.000000|0.000000|3.000000|3.000000|2.000000|2.000000|0.000000|0.000000|0.000000|0.000000|135|0|0|0|0|0
341.599976|58.400024|157.000000|243.000000|-184.599976|3.016003|3.016003|0.000000|0.000000|3.000000|3.000000|2.000000|2.000000|0.000000|0.000000|0.000000|0.000000|136|0|0|0|0|0
341.599976|58.400024|157.000000|243.000000|-184.599976|3.016003|3.016003|0.000000|0.000000|3.000000|3.000000|2.000000|2.000000|0.000000|0.000000|0.000000|0.000000|137|0|0|0|0|0
341.599976|58.400024|157.000000|243.000000|-184.599976|3.016003|3.016003|0.000000|0.000000|3.000000|3.000000|2.000000|2.000000|0.000000|0.000000|0.000000|0.000000|138|0|-1|0|0|0
341.599976|58.400024|157.000000|243.000000|-184.599976|3.016003|3.016003|0.000000|0.000000|3.000000|3.000000|2.000000|2.000000|0.000000|0.000000|0.000000|0.000000|139|0|-1|0|0|0
341.599976|58.400024|157.000000|243.000000|-184.599976|3.016003|3.016003|0.000000|0.000000|3.000000|3.000000|2.000000|2.000000|0.000000|0.000000|0.000000|0.000000|140|0|-1|0|0|0
341.599976|58.400024|157.000000|243.000000|-184.599976|3.016003|3.016003|0.000000|0.000000|3.000000|3.000000|2.000000|2.000000|0.000000|0.000000|0.000000|0.000000|141|0|-1|0|0|0
338.599976|61.400024|157.000000|243.000000|-181.599976|3.016003|3.016003|0.000000|0.000000|3.000000|3.000000|2.000000|2.000000|0.000000|0.000000|0.000000|0.000000|142|0|-1|0|0|0
338.599976|61.400024|157.000000|243.000000|-181.599976|3.016003|3.016003|0.000000|0.000000|3.000000|3.000000|2.000000|2.000000|0.000000|0.000000|0.000000|0.000000|143|0|-1|0|0|0
337.599976|62.400024|157.000000|243.000000|-180.599976|3.016003|3.016003|0.000000|0.000000|3.000000|3.000000|2.000000|2.000000|0.000000|0.000000|0.000000|0.000000|144|0|-1|0|1|0
330.599976|69.400024|157.000000|243.000000|-173.599976|2.016003|3.016003|0.000000|0.000000|3.000000|3.000000|2.000000|2.000000|0.000000|0.000000|-6.200000|0.000000|145|0|-1|0|1|0
322.399963|77.600037|157.000000|243.000000|-165.399963|2.058003|3.016003|0.000000|0.000000|3.000000|3.000000|2.000000|2.000000|0.000000|0.000000|-5.400000|0.000000|146|0|-1|0|1|0
316.999969|83.000031|157.000000|243.000000|-159.999969|2.100003|3.016003|0.000000|0.000000|3.000000|3.000000|2.000000|2.000000|0.000000|0.000000|-4.599999|0.000000|147|0|-1|0|0|0
308.399963|91.600037|157.000000|243.000000|-151.399963|2.142003|3.016003|0.000000|0.000000|3.000000|3.000000|2.000000|2.000000|0.000000|0.000000|-3.799999|0.000000|148|0|-1|0|0|0
304.599976|95.400024|157.000000|243.000000|-147.599976|2.184003|3.016003|0.000000|0.000000|3.000000|3.000000|2.000000|2.000000|0.000000|0.000000|-3.000000|0.000000|149|0|-1|0|0|0
298.599976|101.400024|157.000000|243.000000|-141.599976|2.226003|3.016003|0.000000|0.000000|3.000000|3.000000|2.000000|2.000000|0.000000|0.000000|-2.200000|0.000000|150|0|-1|0|1|0
289.399963|110.600037|157.000000|243.000000|-132.399963|1.268003|3.016003|0.000000|0.000000|3.000000|3.000000|2.000000|2.000000|0.000000|0.000000|-8.400000|0.000000|151|0|-1|0|1|0
279.999969|120.000031|157.000000|243.000000|-122.999969|1.310003|3.016003|0.000000|0.000000|3.000000|3.000000|2.000000|2.000000|0.000000|0.000000|-7.599999|0.000000|152|0|-1|0|0|0
272.399963|127.600037|157.000000|243.000000|-115.399963|1.352003|3.016003|0.000000|0.000000|3.000000|3.000000|2.000000|2.000000|0.000000|0.000000|-6.799999|0.000000|153|0|-1|0|0|0
263.599976|136.400024|157.000000|243.000000|-106.599976|1.394003|3.016003|0.000000|0.000000|3.000000|3.000000|2.000000|2.000000|0.000000|0.000000|-5.999999|0.000000|154|0|-1|0|0|0
257.599976|142.400024|157.000000|243.000000|-100.599976|1.436003|3.016003|0.000000|0.000000|3.000000|3.000000|2.000000|2.000000|0.000000|0.000000|-5.199999|0.000000|155|0|-1|0|0|0
248.399963|151.600037|157.000000|243.000000|-91.399963|1.478003|3.016003|0.000000|0.000000|3.000000|3.000000|2.000000|2.000000|0.000000|0.000000|-4.399999|0.000000|156|0|-1|0|0|0
243.999969|156.000031|157.000000|243.000000|-86.999969|1.520003|3.016003|0.000000|0.000000|3.000000|3.000000|2.000000|2.000000|0.000000|0.000000|-3.599999|0.000000|157|0|-1|0|0|0
237.399963|162.600037|157.000000|243.000000|-80.399963|1.562003|3.016003|0.000000|0.000000|3.000000|3.000000|2.000000|2.000000|0.000000|0.000000|-2.799999|0.000000|158|0|-1|0|0|0
234.599976|165.400024|157.000000|243.000000|-77.599976|1.604003|3.016003|0.000000|0.000000|3.000000|3.000000|2.000000|2.000000|0.000000|0.000000|-1.999999|0.000000|159|0|-1|0|0|0
231.599976|168.400024|157.000000|243.000000|-74.599976|1.646003|3.016003|0.000000|0.000000|3.000000|3.000000|2.000000|2.000000|0.000000|0.000000|-1.199999|0.000000|160|0|-1|0|0|0
230.399963|169.600037|157.000000|243.000000|-73.399963|1.688004|3.016003|0.000000|0.000000|3.000000|3.000000|2.000000|2.000000|0.000000|0.000000|-0.399999|0.000000|161|0|0|0|0|0
227.999969|172.000031|157.000000|243.000000|-70.999969|1.730004|3.016003|0.000000|0.000000|3.000000|3.000000|2.000000|2.000000|0.000000|0.000000|0.000000|0.000000|162|0|0|0|0|0
227.999969|172.000031|157.000000|243.000000|-70.999969|1.772004|3.016003|0.000000|0.000000|3.000000|3.000000|2.000000|2.000000|0.000000|0.000000|0.000000|0.000000|163|0|0|0|0|0
227.999969|172.000031|157.000000|243.000000|-70.999969|1.814004|3.016003|0.000000|0.000000|3.000000|3.000000|2.000000|2.000000|0.000000|0.000000|0.000000|0.000000|164|0|0|0|0|0
227.999969|172.000031|157.000000|243.000000|-70.999969|1.856004|3.016003|0.000000|0.000000|3.000000|3.000000|2.000000|2.000000|0.000000|0.000000|0.000000|0.000000|165|0|0|0|0|0
227.999969|172.000031|157.000000|243.000000|-70.999969|1.898004|3.016003|0.000000|0.000000|3.000000|3.000000|2.000000|2.000000|0.000000|0.000000|0.000000|0.000000|166|0|0|0|0|0
227.999969|172.000031|157.000000|243.000000|-70.999969|1.940004|3.016003|0.000000|0.000000|3.000000|3.000000|2.000000|2.000000|0.000000|0.000000|0.000000|0.000000|167|0|0|0|0|0
227.999969|172.000031|157.000000|243.000000|-70.999969|1.982004|3.016003|0.000000|0.000000|3.000000|3.000000|2.000000|2.000000|0.000000|0.000000|0.000000|0.000000|168|0|0|0|0|0
227.999969|172.000031|157.000000|243.000000|-70.999969|2.024004|3.016003|0.000000|0.000000|3.000000|3.000000|2.000000|2.000000|0.000000|0.000000|0.000000|0.000000|169|0|0|0|0|0
227.999969|172.000031|157.000000|243.000000|-70.999969|2.066004|3.016003|0.000000|0.000000|3.000000|3.000000|2.000000|2.000000|0.000000|0.000000|0.000000|0.000000|170|0|0|0|0|0
227.999969|172.000031|157.000000|243.000000|-70.999969|2.108004|3.016003|0.000000|-1.000000|3.000000|3.000000|2.000000|2.000000|0.000000|0.000000|0.000000|0.000000|171|0|0|0|0|0
227.999969|172.000031|157.000000|243.000000|-70.999969|2.150004|3.016003|0.000000|-1.000000|3.000000|3.000000|2.000000|2.000000|0.000000|0.000000|0.000000|0.000000|172|0|0|0|0|0
227.999969|172.000031|157.000000|243.000000|-70.999969|2.192004|3.016003|0.000000|-1.000000|3.000000|3.000000|2.000000|2.000000|0.000000|0.000000|0.000000|0.000000|173|0|0|0|0|0
227.999969|172.000031|157.000000|243.000000|-70.999969|2.234004|3.016003|0.000000|-1.000000|3.000000|3.000000|2.000000|2.000000|0.000000|0.000000|0.000000|0.000000|174|0|0|0|0|0
227.999969|172.000031|157.000000|243.000000|-70.999969|2.276004|3.016003|0.000000|-1.000000|3.000000|3.000000|2.000000|2.000000|0.000000|0.000000|0.000000|0.000000|175|0|0|0|0|0
227.999969|172.000031|157.000000|243.000000|-70.999969|2.318004|3.016003|0.000000|-1.000000|3.000000|3.000000|2.000000|2.000000|0.000000|0.000000|0.000000|0.000000|176|0|0|0|0|0
227.999969|172.000031|157.000000|243.000000|-70.999969|2.360004|3.016003|0.000000|-1.000000|3.000000|3.000000|2.000000|2.000000|0.000000|0.000000|0.000000|0.000000|177|0|0|0|0|0
227.999969|172.000031|157.000000|243.000000|-70.999969|2.402004|3.016003|0.000000|-1.000000|3.000000|3.000000|2.000000|2.000000|0.000000|0.000000|0.000000|0.000000|178|0|0|0|0|0
227.999969|172.000031|157.000000|243.000000|-70.999969|2.444005|3.016003|0.000000|-1.000000|3.000000|3.000000|2.000000|2.000000|0.000000|0.000000|0.000000|0.000000|179|0|0|0|0|0
227.999969|172.000031|157.000000|243.000000|-70.999969|2.486005|3.016003|0.000000|-1.000000|3.000000|3.000000|2.000000|2.000000|0.000000|0.000000|0.000000|0.000000|180|0|0|0|0|0
227.999969|172.000031|157.000000|243.000000|-70.999969|2.528005|3.016003|0.000000|-1.000000|3.000000|3.000000|2.000000|2.000000|0.000000|0.000000|0.000000|0.000000|181|0|0|0|0|0
227.999969|172.000031|157.000000|243.000000|-70.999969|2.570005|3.016003|0.000000|-1.000000|3.000000|3.000000|2.000000|2.000000|0.000000|0.000000|0.000000|0.000000|182|0|0|0|0|0
227.999969|172.000031|157.000000|243.000000|-70.999969|2.612005|3.016003|0.000000|-1.000000|3.000000|3.000000|2.000000|2.000000|0.000000|0.000000|0.000000|0.000000|183|0|0|0|0|0
227.999969|172.000031|157.000000|243.000000|-70.999969|2.654005|3.016003|0.000000|-1.000000|3.000000|3.000000|2.000000|2.000000|0.000000|0.000000|0.000000|0.000000|184|0|0|0|0|0
227.999969|172.000031|157.000000|243.000000|-70.999969|2.696005|3.016003|0.000000|-1.000000|3.000000|3.000000|2.000000|2.000000|0.000000|0.000000|0.000000|0.000000|185|0|0|0|0|0
227.999969|172.000031|157.000000|243.000000|-70.999969|2.738005|3.016003|0.000000|-1.000000|3.000000|3.000000|2.000000|2.000000|0.000000|0.000000|0.000000|0.000000|186|0|0|0|0|0
227.999969|172.000031|157.000000|243.000000|-70.999969|2.780005|3.016003|0.000000|-1.000000|3.000000|3.000000|2.000000|2.000000|0.000000|0.000000|0.000000|0.000000|187|0|0|0|0|0
227.999969|172.000031|157.000000|243.000000|-70.999969|2.822005|3.016003|0.000000|-1.000000|3.000000|3.000000|2.000000|2.000000|0.000000|0.000000|0.000000|0.000000|188|0|0|0|0|0
227.999969|172.000031|157.000000|243.000000|-70.999969|2.864005|3.016003|0.000000|-1.000000|3.000000|3.000000|2.000000|2.000000|0.000000|0.000000|0.000000|0.000000|189|0|0|0|0|0
227.999969|172.000031|157.000000|243.000000|-70.999969|2.906005|3.016003|0.000000|-1.000000|3.000000|3.000000|2.000000|2.000000|0.000000|0.000000|0.000000|0.000000|190|0|0|0|0|0
227.999969|172.000031|157.000000|243.000000|-70.999969|2.948005|3.016003|0.000000|0.000000|3.000000|3.000000|2.000000|2.000000|0.000000|0.000000|0.000000|0.000000|191|0|0|0|0|0
227.999969|172.000031|157.000000|243.000000|-70.999969|2.990005|3.016003|0.000000|0.000000|3.000000|3.000000|2.000000|2.000000|0.000000|0.000000|0.000000|0.000000|192|0|0|0|0|0
227.999969|172.000031|157.000000|243.000000|-70.999969|3.032005|3.016003|0.000000|0.000000|3.000000|3.000000|2.000000|2.000000|0.000000|0.000000|0.000000|0.000000|193|-1|0|0|0|0
227.999969|172.000031|157.000000|243.000000|-70.999969|3.032005|3.016003|-1.000000|0.000000|3.000000|3.000000|2.000000|2.000000|0.000000|0.000000|0.000000|0.000000|194|-1|0|0|0|0
227.999969|172.000031|157.000000|243.000000|-70.999969|3.032005|3.016003|-1.000000|0.000000|3.000000|3.000000|2.000000|2.000000|0.000000|0.000000|0.000000|0.000000|195|-1|0|0|0|0
227.999969|172.000031|157.000000|243.000000|-70.999969|3.032005|3.016003|-1.000000|0.000000|3.000000|3.000000|2.000000|2.000000|0.000000|0.000000|0.000000|0.000000|196|-1|0|0|0|0
227.999969|172.000031|157.000000|243.000000|-70.999969|3.032005|3.016003|-1.000000|0.000000|3.000000|3.000000|2.000000|2.000000|0.000000|0.000000|0.000000|0.000000|197|-1|0|0|0|0
227.999969|172.000031|157.000000|243.000000|-70.999969|3.032005|3.016003|-1.000000|0.000000|3.000000|3.000000|2.000000|2.000000|0.000000|0.000000|0.000000|0.000000|198|-1|0|0|0|0
227.999969|172.000031|157.000000|243.000000|-70.999969|3.032005|3.016003|-1.000000|0.000000|3.000000|3.000000|2.000000|2.000000|0.000000|0.000000|0.000000|0.000000|199|-1|0|0|0|0
227.999969|172.000031|157.000000|243.000000|-70.999969|3.032005|3.016003|-1.000000|0.000000|3.000000|3.000000|2.000000|2.000000|0.000000|0.000000|0.000000|0.000000|200|-1|0|0|0|0
227.999969|172.000031|157.000000|243.000000|-70.999969|3.032005|3.016003|-1.000000|0.000000|3.000000|3.000000|2.000000|2.000000|0.000000|0.000000|0.000000|0.000000|201|-1|0|0|0|0
227.999969|172.000031|157.000000|243.000000|-70.999969|3.032005|3.016003|-1.000000|0.000000|3.000000|3.000000|2.000000|2.000000|0.000000|0.000000|0.000000|0.000000|202|-1|0|0|0|0
227.999969|172.000031|157.000000|243.000000|-70.999969|3.032005|3.016003|-1.000000|0.000000|3.000000|3.000000|2.000000|2.000000|0.000000|0.000000|0.000000|0.000000|203|-1|0|0|0|0
227.999969|172.000031|157.000000|243.000000|-70.999969|3.032005|3.016003|-1.000000|0.000000|3.000000|3.000000|2.000000|2.000000|0.000000|0.000000|0.000000|0.000000|204|-1|0|0|0|0
227.999969|172.000031|157.000000|243.000000|-70.999969|3.032005|3.016003|-1.000000|0.000000|3.000000|3.000000|2.000000|2.000000|0.000000|0.000000|0.000000|0.000000|205|-1|0|0|0|0
227.999969|172.000031|157.000000|243.000000|-70.999969|3.032005|3.016003|-1.000000|0.000000|3.000000|3.000000|2.000000|2.000000|0.000000|0.000000|0.000000|0.000000|206|-1|0|0|0|0
227.999969|172.000031|157.000000|243.000000|-70.999969|3.032005|3.016003|-1.000000|0.000000|3.000000|3.000000|2.000000|2.000000|0.000000|0.000000|0.000000|0.000000|207|-1|0|0|0|0
227.999969|172.000031|157.000000|243.000000|-70.999969|3.032005|3.016003|-1.000000|0.000000|3.000000|3.000000|2.000000|2.000000|0.000000|0.000000|0.000000|0.000000|208|-1|0|0|0|0
227.999969|172.000031|157.000000|243.000000|-70.999969|3.032005|3.016003|-1.000000|0.000000|3.000000|3.000000|2.000000|2.000000|0.000000|0.000000|0.000000|0.000000|209|-1|0|0|0|0
227.999969|172.000031|157.000000|243.000000|-70.999969|3.032005|3.016003|-1.000000|0.000000|3.000000|3.000000|2.000000|2.000000|0.000000|0.000000|0.000000|0.000000|210|-1|0|0|0|0
227.999969|172.000031|157.000000|243.000000|-70.999969|3.032005|3.016003|-1.000000|0.000000|3.000000|3.000000|2.000000|2.000000|0.000000|0.000000|0.000000|0.000000|211|-1|0|0|0|0
227.999969|172.000031|157.000000|243.000000|-70.999969|3.032005|3.016003|-1.000000|0.000000|3.000000|3.000000|2.000000|2.000000|0.000000|0.000000|0.000000|0.000000|212|-1|0|0|0|0
227.999969|172.000031|157.000000|243.000000|-70.999969|3.032005|3.016003|-1.000000|0.000000|3.000000|3.000000|2.000000|2.000000|0.000000|0.000000|0.000000|0.000000|213|-1|0|0|0|0
227.999969|172.000031|157.000000|243.000000|-70.999969|3.032005|3.016003|-1.000000|0.000000|3.000000|3.000000|2.000000|2.000000|0.000000|0.000000|0.000000|0.000000|214|-1|0|0|0|0
227.999969|172.000031|157.000000|243.000000|-70.999969|3.032005|3.016003|-1.000000|0.000000|3.000000|3.000000|2.000000|2.000000|0.000000|0.000000|0.000000|0.000000|215|-1|0|0|0|0
227.999969|172.000031|157.000000|243.000000|-70.999969|3.032005|3.016003|-1.000000|0.000000|3.000000|3.000000|2.000000|2.000000|0.000000|0.000000|0.000000|0.000000|216|-1|0|0|0|0
227.999969|172.000031|157.000000|243.000000|-70.999969|3.032005|3.016003|-1.000000|0.000000|3.000000|3.000000|2.000000|2.000000|0.000000|0.000000|0.000000|0.000000|217|-1|0|0|0|0
227.999969|172.000031|157.000000|243.000000|-70.999969|3.032005|3.016003|-1.000000|0.000000|3.000000|3.000000|2.000000|2.000000|0.000000|0.000000|0.000000|0.000000|218|-1|0|0|0|0
227.999969|172.000031|157.000000|243.000000|-70.999969|3.032005|3.016003|-1.000000|0.000000|3.000000|3.000000|2.000000|2.000000|0.000000|0.000000|0.000000|0.000000|219|-1|0|0|0|0
227.999969|172.000031|157.000000|243.000000|-70.999969|3.032005|3.016003|-1.000000|0.000000|3.000000|3.000000|2.000000|2.000000|0.000000|0.000000|0.000000|0.000000|220|-1|0|0|0|0
227.999969|172.000031|157.000000|243.000000|-70.999969|3.032005|3.016003|-1.000000|0.000000|3.000000|3.000000|2.000000|2.000000|0.000000|0.000000|0.000000|0.000000|221|-1|0|0|0|0
227.999969|172.000031|157.000000|243.000000|-70.999969|3.032005|3.016003|-1.000000|0.000000|3.000000|3.000000|2.000000|2.000000|0.000000|0.000000|0.000000|0.000000|222|-1|0|0|0|0
227.999969|172.000031|157.000000|243.000000|-70.999969|3.032005|3.016003|-1.000000|0.000000|3.000000|3.000000|2.000000|2.000000|0.000000|0.000000|0.000000|0.000000|223|-1|0|0|0|0
227.999969|172.000031|157.000000|243.000000|-70.999969|3.032005|3.016003|-1.000000|0.000000|3.000000|3.000000|2.000000|2.000000|0.000000|0.000000|0.000000|0.000000|224|-1|0|0|0|0
227.999969|172.000031|157.000000|243.000000|-70.999969|3.032005|3.016003|-1.000000|0.000000|3.000000|3.000000|2.000000|2.000000|0.000000|0.000000|0.000000|0.000000|225|-1|0|0|0|0
227.999969|172.000031|157.000000|243.000000|-70.999969|3.032005|3.016003|-1.000000|0.000000|3.000000|3.000000|2.000000|2.000000|0.000000|0.000000|0.000000|0.000000|226|-1|0|0|0|0
227.999969|172.000031|157.000000|243.000000|-70.999969|3.032005|3.016003|-1.000000|0.000000|3.000000|3.000000|2.000000|2.000000|0.000000|0.000000|0.000000|0.000000|227|-1|0|0|0|0
227.999969|172.000031|157.000000|243.000000|-70.999969|3.032005|3.016003|-1.000000|0.000000|3.000000|3.000000|2.000000|2.000000|0.000000|0.000000|0.000000|0.000000|228|-1|0|0|0|0
227.999969|172.000031|157.000000|243.000000|-70.999969|3.032005|3.016003|-1.000000|0.000000|3.000000|3.000000|2.000000|2.000000|0.000000|0.000000|0.000000|0.000000|229|-1|0|0|0|0
227.999969|172.000031|157.000000|243.000000|-70.999969|3.032005|3.016003|-1.000000|0.000000|3.000000|3.000000|2.000000|2.000000|0.000000|0.000000|0.000000|0.000000|230|-1|0|0|0|0
227.999969|172.000031|157.000000|243.000000|-70.999969|3.032005|3.016003|-1.000000|0.000000|3.000000|3.000000|2.000000|2.000000|0.000000|0.000000|0.000000|0.000000|231|-1|0|0|0|0
227.999969|172.000031|157.000000|243.000000|-70.999969|3.032005|3.016003|-1.000000|0.000000|3.000000|3.000000|2.000000|2.000000|0.000000|0.000000|0.000000|0.000000|232|-1|0|0|0|0
227.999969|172.000031|157.000000|243.000000|-70.999969|3.032005|3.016003|-1.000000|0.000000|3.000000|3.000000|2.000000|2.000000|0.000000|0.000000|0.000000|0.000000|233|-1|0|0|0|0
227.999969|172.000031|157.000000|243.000000|-70.999969|3.032005|3.016003|-1.000000|0.000000|3.000000|3.000000|2.000000|2.000000|0.000000|0.000000|0.000000|0.000000|234|-1|0|0|0|0
227.999969|172.000031|157.000000|243.000000|-70.999969|3.032005|3.016003|-1.000000|0.000000|3.000000|3.000000|2.000000|2.000000|0.000000|0.000000|0.000000|0.000000|235|-1|0|0|0|0
227.999969|172.000031|157.000000|243.000000|-70.999969|3.032005|3.016003|-1.000000|0.000000|3.000000|3.000000|2.000000|2.000000|0.000000|0.000000|0.000000|0.000000|236|-1|0|0|0|0
227.999969|172.000031|157.000000|243.000000|-70.999969|3.032005|3.016003|-1.000000|0.000000|3.000000|3.000000|2.000000|2.000000|0.000000|0.000000|0.000000|0.000000|237|-1|0|0|0|0
227.999969|172.000031|157.000000|243.000000|-70.999969|3.032005|3.016003|-1.000000|0.000000|3.000000|3.000000|2.000000|2.000000|0.000000|0.000000|0.000000|0.000000|238|-1|0|0|0|0
227.999969|172.000031|157.000000|243.000000|-70.999969|3.032005|3.016003|-1.000000|0.000000|3.000000|3.000000|2.000000|2.000000|0.000000|0.000000|0.000000|0.000000|239|-1|0|0|0|0
227.999969|172.000031|157.000000|243.000000|-70.999969|3.032005|3.016003|-1.000000|0.000000|3.000000|3.000000|2.000000|2.000000|0.000000|0.000000|0.000000|0.000000|240|-1|0|0|0|0
227.999969|172.000031|157.000000|243.000000|-70.999969|3.032005|3.016003|-1.000000|0.000000|3.000000|3.000000|2.000000|2.000000|0.000000|0.000000|0.000000|0.000000|241|-1|0|0|0|0
227.999969|172.000031|157.000000|243.000000|-70.999969|3.032005|3.016003|-1.000000|0.000000|3.000000|3.000000|2.000000|2.000000|0.000000|0.000000|0.000000|0.000000|242|-1|0|0|0|0
227.999969|172.000031|157.000000|243.000000|-70.999969|3.032005|3.016003|-1.000000|0.000000|3.000000|3.000000|2.000000|2.000000|0.000000|0.000000|0.000000|0.000000|243|-1|0|0|0|0
227.999969|172.000031|157.000000|243.000000|-70.999969|3.032005|3.016003|-1.000000|0.000000|3.000000|3.000000|2.000000|2.000000|0.000000|0.000000|0.000000|0.000000|244|-1|0|0|0|0
227.999969|172.000031|157.000000|243.000000|-70.999969|3.032005|3.016003|-1.000000|0.000000|3.000000|3.000000|2.000000|2.000000|0.000000|0.000000|0.000000|0.000000|245|-1|0|0|0|0
227.999969|172.000031|157.000000|243.000000|-70.999969|3.032005|3.016003|-1.000000|0.000000|3.000000|3.000000|2.000000|2.000000|0.000000|0.000000|0.000000|0.000000|246|-1|0|0|0|0
227.999969|172.000031|157.000000|243.000000|-70.999969|3.032005|3.016003|-1.000000|0.000000|3.000000|3.000000|2.000000|2.000000|0.000000|0.000000|0.000000|0.000000|247|-1|0|0|0|0
227.999969|172.000031|157.000000|243.000000|-70.999969|3.032005|3.016003|-1.000000|0.000000|3.000000|3.000000|2.000000|2.000000|0.000000|0.000000|0.000000|0.000000|248|-1|0|0|0|0
227.999969|172.000031|157.000000|243.000000|-70.999969|3.032005|3.016003|-1.000000|0.000000|3.000000|3.000000|2.000000|2.000000|0.000000|0.000000|0.000000|0.000000|249|-1|0|0|0|0
227.999969|172.000031|157.000000|243.000000|-70.999969|3.032005|3.016003|-1.000000|0.000000|3.000000|3.000000|2.000000|2.000000|0.000000|0.000000|0.000000|0.000000|250|-1|0|0|0|0
227.999969|172.000031|157.000000|243.000000|-70.999969|3.032005|3.016003|-1.000000|0.000000|3.000000|3.000000|2.000000|2.000000|0.000000|0.000000|0.000000|0.000000|251|-1|0|0|0|0
227.999969|172.000031|157.000000|243.000000|-70.999969|3.032005|3.016003|-1.000000|0.000000|3.000000|3.000000|2.000000|2.000000|0.000000|0.000000|0.000000|0.000000|252|-1|0|0|0|0
227.999969|172.000031|157.000000|243.000000|-70.999969|3.032005|3.016003|-1.000000|0.000000|3.000000|3.000000|2.000000|2.000000|0.000000|0.000000|0.000000|0.000000|253|-1|0|0|0|0
227.999969|172.000031|157.000000|243.000000|-70.999969|3.032005|3.016003|-1.000000|0.000000|3.000000|3.000000|2.000000|2.000000|0.000000|0.000000|0.000000|0.000000|254|-1|0|0|0|0
227.999969|172.000031|157.000000|243.000000|-70.999969|3.032005|3.016003|-1.000000|0.000000|3.000000|3.000000|2.000000|2.000000|0.000000|0.000000|0.000000|0.000000|255|-1|0|0|0|0
227.999969|172.000031|157.000000|243.000000|-70.999969|3.032005|3.016003|-1.000000|0.000000|3.000000|3.000000|2.000000|2.000000|0.000000|0.000000|0.000000|0.000000|256|-1|0|0|0|0
227.999969|172.000031|157.000000|243.000000|-70.999969|3.032005|3.016003|-1.000000|0.000000|3.000000|3.000000|2.000000|2.000000|0.000000|0.000000|0.000000|0.000000|257|-1|0|0|0|0
227.999969|172.000031|157.000000|243.000000|-70.999969|3.032005|3.016003|-1.000000|0.000000|3.000000|3.000000|2.000000|2.000000|0.000000|0.000000|0.000000|0.000000|258|-1|0|0|0|0
227.999969|172.000031|157.000000|243.000000|-70.999969|3.032005|3.016003|-1.000000|0.000000|3.000000|3.000000|2.000000|2.000000|0.000000|0.000000|0.000000|0.000000|259|-1|0|0|0|0
227.999969|172.000031|157.000000|243.000000|-70.999969|3.032005|3.016003|-1.000000|0.000000|3.000000|3.000000|2.000000|2.000000|0.000000|0.000000|0.000000|0.000000|260|-1|0|0|0|0
227.999969|172.000031|157.000000|243.000000|-70.999969|3.032005|3.016003|-1.000000|0.000000|3.000000|3.000000|2.000000|2.000000|0.000000|0.000000|0.000000|0.000000|261|-1|0|0|0|0
227.999969|172.000031|157.000000|243.000000|-70.999969|3.032005|3.016003|-1.000000|0.000000|3.000000|3.000000|2.000000|2.000000|0.000000|0.000000|0.000000|0.000000|262|-1|0|0|0|0
227.999969|172.000031|157.000000|243.000000|-70.999969|3.032005|3.016003|-1.000000|0.000000|3.000000|3.000000|2.000000|2.000000|0.000000|0.000000|0.000000|0.000000|263|-1|0|0|0|0
227.999969|172.000031|157.000000|243.000000|-70.999969|3.032005|3.016003|-1.000000|0.000000|3.000000|3.000000|2.000000|2.000000|0.000000|0.000000|0.000000|0.000000|264|-1|0|0|0|0
227.999969|172.000031|157.000000|243.000000|-70.999969|3.032005|3.016003|-1.000000|0.000000|3.000000|3.000000|2.000000|2.000000|0.000000|0.000000|0.000000|0.000000|265|-1|0|0|0|0
227.999969|172.000031|157.000000|243.000000|-70.999969|3.032005|3.016003|-1.000000|0.000000|3.000000|3.000000|2.000000|2.000000|0.000000|0.000000|0.000000|0.000000|266|-1|0|0|0|0
227.999969|172.000031|157.000000|243.000000|-70.999969|3.032005|3.016003|-1.000000|0.000000|3.000000|3.000000|2.000000|2.000000|0.000000|0.000000|0.000000|0.000000|267|-1|0|0|0|0
227.999969|172.000031|157.000000|243.000000|-70.999969|3.032005|3.016003|-1.000000|0.000000|3.000000|3.000000|2.000000|2.000000|0.000000|0.000000|0.000000|0.000000|268|-1|0|0|0|0
227.999969|172.000031|157.000000|243.000000|-70.999969|3.032005|3.016003|-1.000000|0.000000|3.000000|3.000000|2.000000|2.000000|0.000000|0.000000|0.000000|0.000000|269|-1|0|0|0|0
227.999969|172.000031|157.000000|243.000000|-70.999969|3.032005|3.016003|-1.000000|0.000000|3.000000|3.000000|2.000000|2.000000|0.000000|0.000000|0.000000|0.000000|270|-1|0|0|0|0
227.999969|172.000031|157.000000|243.000000|-70.999969|3.032005|3.016003|-1.000000|0.000000|3.000000|3.000000|2.000000|2.000000|0.000000|0.000000|0.000000|0.000000|271|-1|0|0|0|0
227.999969|172.000031|157.000000|243.000000|-70.999969|3.032005|3.016003|-1.000000|0.000000|3.000000|3.000000|2.000000|2.000000|0.000000|0.000000|0.000000|0.000000|272|-1|0|0|0|0
227.999969|172.000031|157.000000|243.000000|-70.999969|3.032005|3.016003|-1.000000|0.000000|3.000000|3.000000|2.000000|2.000000|0.000000|0.000000|0.000000|0.000000|273|-1|0|0|0|0
227.999969|172.000031|157.000000|243.000000|-70.999969|3.032005|3.016003|-1.000000|0.000000|3.000000|3.000000|2.000000|2.000000|0.000000|0.000000|0.000000|0.000000|274|-1|0|0|0|0
227.999969|172.000031|157.000000|243.000000|-70.999969|3.032005|3.016003|-1.000000|0.000000|3.000000|3.000000|2.000000|2.000000|0.000000|0.000000|0.000000|0.000000|275|-1|0|0|0|0
227.999969|172.000031|157.000000|243.000000|-70.999969|3.032005|3.016003|-1.000000|0.000000|3.000000|3.000000|2.000000|2.000000|0.000000|0.000000|0.000000|0.000000|276|-1|0|0|0|0
227.999969|172.000031|157.000000|243.000000|-70.999969|3.032005|3.016003|-1.000000|0.000000|3.000000|3.000000|2.000000|2.000000|0.000000|0.000000|0.000000|0.000000|277|-1|0|0|0|0
227.999969|172.000031|157.000000|243.000000|-70.999969|3.032005|3.016003|-1.000000|0.000000|3.000000|3.000000|2.000000|2.000000|0.000000|0.000000|0.000000|0.000000|278|-1|0|0|0|0
227.999969|172.000031|157.000000|243.000000|-70.999969|3.032005|3.016003|-1.000000|0.000000|3.000000|3.000000|2.000000|2.000000|0.000000|0.000000|0.000000|0.000000|279|-1|0|0|0|0
227.999969|172.000031|157.000000|243.000000|-70.999969|3.032005|3.016003|-1.000000|0.000000|3.000000|3.000000|2.000000|2.000000|0.000000|0.000000|0.000000|0.000000|280|-1|0|0|0|0
227.999969|172.000031|157.000000|243.000000|-70.999969|3.032005|3.016003|-1.000000|0.000000|3.000000|3.000000|2.000000|2.000000|0.000000|0.000000|0.000000|0.000000|281|-1|0|0|0|0
227.999969|172.000031|157.000000|243.000000|-70.999969|3.032005|3.016003|-1.000000|0.000000|3.000000|3.000000|2.000000|2.000000|0.000000|0.000000|0.000000|0.000000|282|-1|0|0|0|0
227.999969|172.000031|157.000000|243.000000|-70.999969|3.032005|3.016003|-1.000000|0.000000|3.000000|3.000000|2.000000|2.000000|0.000000|0.000000|0.000000|0.000000|283|-1|0|0|0|0
227.999969|172.000031|157.000000|243.000000|-70.999969|3.032005|3.016003|-1.000000|0.000000|3.000000|3.000000|2.000000|2.000000|0.000000|0.000000|0.000000|0.000000|284|-1|0|0|0|0
227.999969|172.000031|157.000000|243.000000|-70.999969|3.032005|3.016003|-1.000000|0.000000|3.000000|3.000000|2.000000|2.000000|0.000000|0.000000|0.000000|0.000000|285|-1|0|0|0|0
227.999969|172.000031|157.000000|243.000000|-70.999969|3.032005|3.016003|-1.000000|0.000000|3.000000|3.000000|2.000000|2.000000|0.000000|0.000000|0.000000|0.000000|286|-1|0|0|0|0
227.999969|172.000031|157.000000|243.000000|-70.999969|3.032005|3.016003|-1.000000|0.000000|3.000000|3.000000|2.000000|2.000000|0.000000|0.000000|0.000000|0.000000|287|-1|0|0|0|0
227.999969|172.000031|157.000000|243.000000|-70.999969|3.032005|3.016003|-1.000000|0.000000|3.000000|3.000000|2.000000|2.000000|0.000000|0.000000|0.000000|0.000000|288|-1|0|0|0|0
227.999969|172.000031|157.000000|243.000000|-70.999969|3.032005|3.016003|-1.000000|0.000000|3.000000|3.000000|2.000000|2.000000|0.000000|0.000000|0.000000|0.000000|289|-1|0|0|0|0
227.999969|172.000031|157.000000|243.000000|-70.999969|3.032005|3.016003|-1.000000|0.000000|3.000000|3.000000|2.000000|2.000000|0.000000|0.000000|0.000000|0.000000|290|-1|0|0|0|0
227.999969|172.000031|157.000000|243.000000|-70.999969|3.032005|3.016003|-1.000000|0.000000|3.000000|3.000000|2.000000|2.000000|0.000000|0.000000|0.000000|0.000000|291|-1|0|0|0|0
227.999969|172.000031|157.000000|243.000000|-70.999969|3.032005|3.016003|-1.000000|0.000000|3.000000|3.000000|2.000000|2.000000|0.000000|0.000000|0.000000|0.000000|292|-1|0|0|0|0
227.999969|172.000031|157.000000|243.000000|-70.999969|3.032005|3.016003|-1.000000|0.000000|3.000000|3.000000|2.000000|2.000000|0.000000|0.000000|0.000000|0.000000|293|-1|0|0|0|0
227.999969|172.000031|157.000000|243.000000|-70.999969|3.032005|3.016003|-1.000000|0.000000|3.000000|3.000000|2.000000|2.000000|0.000000|0.000000|0.000000|0.000000|294|-1|0|0|0|0
227.999969|172.000031|157.000000|243.000000|-70.999969|3.032005|3.016003|-1.000000|0.000000|3.000000|3.000000|2.000000|2.000000|0.000000|0.000000|0.000000|0.000000|295|-1|0|0|0|0
227.999969|172.000031|157.000000|243.000000|-70.999969|3.032005|3.016003|-1.000000|0.000000|3.000000|3.000000|2.000000|2.000000|0.000000|0.000000|0.000000|0.000000|296|-1|0|0|0|0
227.999969|172.000031|157.000000|243.000000|-70.999969|3.032005|3.016003|-1.000000|0.000000|3.000000|3.000000|2.000000|2.000000|0.000000|0.000000|0.000000|0.000000|297|-1|0|0|0|0
227.999969|172.000031|157.000000|243.000000|-70.999969|3.032005|3.016003|-1.000000|0.000000|3.000000|3.000000|2.000000|2.000000|0.000000|0.000000|0.000000|0.000000|298|-1|0|0|0|0
227.999969|172.000031|157.000000|243.000000|-70.999969|3.032005|3.016003|-1.000000|0.000000|3.000000|3.000000|2.000000|2.000000|0.000000|0.000000|0.000000|0.000000|299|-1|0|0|0|0
227.999969|172.000031|157.000000|243.000000|-70.999969|3.032005|2.016003|-1.000000|0.000000|3.000000|3.000000|2.000000|2.000000|0.000000|0.000000|0.000000|0.000000|300|-1|0|0|0|0
227.999969|172.000031|157.000000|243.000000|-70.999969|3.032005|2.058003|-1.000000|0.000000|3.000000|3.000000|2.000000|2.000000|0.000000|0.000000|0.000000|0.000000|301|-1|0|0|0|0
227.999969|172.000031|157.000000|243.000000|-70.999969|3.032005|2.100003|-1.000000|0.000000|3.000000|3.000000|2.000000|2.000000|0.000000|0.000000|0.000000|0.000000|302|-1|0|0|0|0
227.999969|172.000031|157.000000|243.000000|-70.999969|3.032005|2.142003|-1.000000|0.000000|3.000000|3.000000|2.000000|2.000000|0.000000|0.000000|0.000000|0.000000|303|-1|0|0|0|0
227.999969|172.000031|157.000000|243.000000|-70.999969|3.032005|2.184003|-1.000000|0.000000|3.000000|3.000000|2.000000|2.000000|0.000000|0.000000|0.000000|0.000000|304|-1|0|0|0|0
227.999969|172.000031|157.000000|243.000000|-70.999969|3.032005|2.226003|-1.000000|0.000000|3.000000|3.000000|2.000000|2.000000|0.000000|0.000000|0.000000|0.000000|305|-1|0|0|0|0
227.999969|172.000031|157.000000|243.000000|-70.999969|3.032005|2.268003|-1.000000|0.000000|3.000000|3.000000|2.000000|2.000000|0.000000|0.000000|0.000000|0.000000|306|-1|0|0|0|0
227.999969|172.000031|157.000000|243.000000|-70.999969|3.032005|2.310003|-1.000000|0.000000|3.000000|3.000000|2.000000|2.000000|0.000000|0.000000|0.000000|0.000000|307|-1|0|0|0|0
227.999969|172.000031|157.000000|243.000000|-70.999969|3.032005|2.352003|-1.000000|0.000000|3.000000|3.000000|2.000000|2.000000|0.000000|0.000000|0.000000|0.000000|308|-1|0|0|0|0
227.999969|172.000031|157.000000|243.000000|-70.999969|3.032005|2.394003|-1.000000|0.000000|3.000000|3.000000|2.000000|2.000000|0.000000|0.000000|0.000000|0.000000|309|-1|0|0|0|0
227.999969|172.000031|157.000000|243.000000|-70.999969|3.032005|2.436003|-1.000000|0.000000|3.000000|3.000000|2.000000|2.000000|0.000000|0.000000|0.000000|0.000000|310|-1|0|0|0|0
227.999969|172.000031|157.000000|243.000000|-70.999969|3.032005|2.478003|-1.000000|0.000000|3.000000|3.000000|2.000000|2.000000|0.000000|0.000000|0.000000|0.000000|311|-1|0|0|0|0
227.999969|172.000031|157.000000|243.000000|-70.999969|3.032005|2.520003|-1.000000|0.000000|3.000000|3.000000|2.000000|2.000000|0.000000|0.000000|0.000000|0.000000|312|-1|0|0|0|0
227.999969|172.000031|157.000000|243.000000|-70.999969|3.032005|2.562003|-1.000000|0.000000|3.000000|3.000000|2.000000|2.000000|0.000000|0.000000|0.000000|0.000000|313|-1|0|0|0|0
227.999969|172.000031|157.000000|243.000000|-70.999969|3.032005|2.604003|-1.000000|0.000000|3.000000|3.000000|2.000000|2.000000|0.000000|0.000000|0.000000|0.000000|314|-1|0|0|0|0
227.999969|172.000031|157.000000|243.000000|-70.999969|3.032005|2.646003|-1.000000|0.000000|3.000000|3.000000|2.000000|2.000000|0.000000|0.000000|0.000000|0.000000|315|-1|0|0|0|0
227.999969|172.000031|157.000000|243.000000|-70.999969|3.032005|2.688004|-1.000000|0.000000|3.000000|3.000000|2.000000|2.000000|0.000000|0.000000|0.000000|0.000000|316|-1|0|0|0|0
227.999969|172.000031|157.000000|243.000000|-70.999969|3.032005|2.730004|-1.000000|0.000000|3.000000|3.000000|2.000000|2.000000|0.000000|0.000000|0.000000|0.000000|317|-1|0|0|0|0
227.999969|172.000031|157.000000|243.000000|-70.999969|3.032005|2.772004|-1.000000|0.000000|3.000000|3.000000|2.000000|2.000000|0.000000|0.000000|0.000000|0.000000|318|-1|0|0|0|0
227.999969|172.000031|157.000000|243.000000|-70.999969|3.032005|2.814004|-1.000000|0.000000|3.000000|3.000000|2.000000|2.000000|0.000000|0.000000|0.000000|0.000000|319|-1|0|0|0|0
227.999969|172.000031|157.000000|243.000000|-70.999969|3.032005|2.856004|-1.000000|0.000000|3.000000|3.000000|2.000000|2.000000|0.000000|0.000000|0.000000|0.000000|320|-1|0|0|0|0
227.999969|172.000031|157.000000|243.000000|-70.999969|3.032005|2.898004|-1.000000|0.000000|3.000000|3.000000|2.000000|2.000000|0.000000|0.000000|0.000000|0.000000|321|-1|0|0|0|0
227.999969|172.000031|157.000000|243.000000|-70.999969|3.032005|2.940004|-1.000000|0.000000|3.000000|3.000000|2.000000|2.000000|0.000000|0.000000|0.000000|0.000000|322|-1|0|0|0|0
227.999969|172.000031|157.000000|243.000000|-70.999969|3.032005|2.982004|-1.000000|0.000000|3.000000|3.000000|2.000000|2.000000|0.000000|0.000000|0.000000|0.000000|323|-1|0|0|0|0
227.999969|172.000031|157.000000|243.000000|-70.999969|3.032005|3.024004|-1.000000|0.000000|3.000000|3.000000|2.000000|2.000000|0.000000|0.000000|0.000000|0.000000|324|-1|0|0|0|0
227.999969|172.000031|157.000000|243.000000|-70.999969|3.032005|3.024004|-1.000000|0.000000|3.000000|3.000000|2.000000|2.000000|0.000000|0.000000|0.000000|0.000000|325|-1|0|0|0|0
227.999969|172.000031|157.000000|243.000000|-70.999969|3.032005|3.024004|-1.000000|0.000000|3.000000|3.000000|2.000000|2.000000|0.000000|0.000000|0.000000|0.000000|326|-1|0|0|0|0
227.999969|172.000031|157.000000|243.000000|-70.999969|3.032005|3.024004|-1.000000|0.000000|3.000000|3.000000|2.000000|2.000000|0.000000|0.000000|0.000000|0.000000|327|-1|0|0|0|0
227.999969|172.000031|157.000000|243.000000|-70.999969|3.032005|3.024004|-1.000000|0.000000|3.000000|3.000000|2.000000|2.000000|0.000000|0.000000|0.000000|0.000000|328|-1|0|0|0|0
227.999969|172.000031|157.000000|243.000000|-70.999969|3.032005|3.024004|-1.000000|0.000000|3.000000|3.000000|2.000000|2.000000|0.000000|0.000000|0.000000|0.000000|329|-1|0|0|0|0
227.999969|172.000031|157.000000|243.000000|-70.999969|3.032005|3.024004|-1.000000|0.000000|3.000000|3.000000|2.000000|2.000000|0.000000|0.000000|0.000000|0.000000|330|-1|0|0|0|0
227.999969|172.000031|157.000000|243.000000|-70.999969|3.032005|3.024004|-1.000000|0.000000|3.000000|3.000000|2.000000|2.000000|0.000000|0.000000|0.000000|0.000000|331|-1|0|0|0|0
227.999969|172.000031|157.000000|243.000000|-70.999969|3.032005|3.024004|-1.000000|0.000000|3.000000|3.000000|2.000000|2.000000|0.000000|0.000000|0.000000|0.000000|332|-1|0|0|0|0
227.999969|172.000031|157.000000|243.000000|-70.999969|3.032005|3.024004|-1.000000|0.000000|3.000000|3.000000|2.000000|2.000000|0.000000|0.000000|0.000000|0.000000|333|-1|0|0|0|0
227.999969|172.000031|157.000000|243.000000|-70.999969|3.032005|3.024004|-1.000000|0.000000|3.000000|3.000000|2.000000|2.000000|0.000000|0.000000|0.000000|0.000000|334|-1|0|0|0|0
227.999969|172.000031|157.000000|243.000000|-70.999969|3.032005|3.024004|-1.000000|0.000000|3.000000|3.000000|2.000000|2.000000|0.000000|0.000000|0.000000|0.000000|335|-1|0|0|0|0
227.999969|172.000031|157.000000|243.000000|-70.999969|3.032005|3.024004|-1.000000|0.000000|3.000000|3.000000|2.000000|2.000000|0.000000|0.000000|0.000000|0.000000|336|-1|0|0|0|0
227.999969|172.000031|157.000000|243.000000|-70.999969|3.032005|3.024004|-1.000000|0.000000|3.000000|3.000000|2.000000|2.000000|0.000000|0.000000|0.000000|0.000000|337|-1|0|0|0|0
227.999969|172.000031|157.000000|243.000000|-70.999969|3.032005|3.024004|-1.000000|0.000000|3.000000|3.000000|2.000000|2.000000|0.000000|1.000000|0.000000|0.000000|338|-1|0|0|0|0
227.999969|172.000031|157.000000|243.000000|-70.999969|3.032005|3.024004|-1.000000|0.000000|3.000000|3.000000|2.000000|2.000000|0.000000|1.000000|0.000000|0.000000|339|-1|0|0|0|0
227.999969|172.000031|157.000000|243.000000|-70.999969|3.032005|3.024004|-1.000000|0.000000|3.000000|3.000000|2.000000|2.000000|0.000000|2.000000|0.000000|0.000000|340|-1|0|0|0|0
227.999969|172.000031|157.000000|243.000000|-70.999969|3.032005|3.024004|-1.000000|0.000000|3.000000|3.000000|2.000000|2.000000|0.000000|2.000000|0.000000|0.000000|341|-1|0|0|0|0
227.999969|172.000031|157.000000|243.000000|-70.999969|3.032005|3.024004|-1.000000|0.000000|3.000000|3.000000|2.000000|2.000000|0.000000|3.000000|0.000000|0.000000|342|-1|0|0|0|0
227.999969|172.000031|157.000000|243.000000|-70.999969|3.032005|3.024004|-1.000000|0.000000|3.000000|3.000000|2.000000|2.000000|0.000000|3.000000|0.000000|0.000000|343|-1|0|0|0|0
227.999969|172.000031|157.000000|243.000000|-70.999969|3.032005|3.024004|-1.000000|0.000000|3.000000|3.000000|2.000000|2.000000|0.000000|4.000000|0.000000|0.000000|344|-1|0|0|0|0
227.999969|172.000031|157.000000|243.000000|-70.999969|3.032005|3.024004|-1.000000|0.000000|3.000000|3.000000|2.000000|2.000000|0.000000|4.000000|0.000000|0.000000|345|-1|0|0|0|0
227.999969|172.000031|157.000000|243.000000|-70.999969|3.032005|3.024004|-1.000000|0.000000|3.000000|3.000000|2.000000|2.000000|0.000000|5.000000|0.000000|0.000000|346|-1|0|0|0|0
227.999969|172.000031|157.000000|243.000000|-70.999969|3.032005|3.024004|-1.000000|0.000000|3.000000|3.000000|2.000000|2.000000|0.000000|5.000000|0.000000|0.000000|347|-1|0|0|0|0
227.999969|172.000031|157.000000|243.000000|-70.999969|3.032005|3.024004|-1.000000|0.000000|3.000000|3.000000|2.000000|2.000000|0.000000|0.000000|0.000000|0.000000|348|-1|0|0|0|0
227.999969|172.000031|157.000000|243.000000|-70.999969|3.032005|3.024004|-1.000000|0.000000|3.000000|3.000000|2.000000|2.000000|0.000000|0.000000|0.000000|0.000000|349|-1|0|0|0|0
227.999969|172.000031|157.000000|243.000000|-70.999969|3.032005|3.024004|-1.000000|0.000000|3.000000|3.000000|2.000000|2.000000|0.000000|0.000000|0.000000|0.000000|350|-1|0|0|0|0
227.999969|172.000031|157.000000|243.000000|-70.999969|3.032005|3.024004|-1.000000|0.000000|3.000000|3.000000|2.000000|2.000000|0.000000|0.000000|0.000000|0.000000|351|-1|0|0|0|0
227.999969|172.000031|157.000000|243.000000|-70.999969|3.032005|3.024004|-1.000000|0.000000|3.000000|3.000000|2.000000|2.000000|0.000000|0.000000|0.000000|0.000000|352|-1|0|0|0|0
227.999969|172.000031|157.000000|243.000000|-70.999969|3.032005|3.024004|-1.000000|0.000000|3.000000|3.000000|2.000000|2.000000|0.000000|0.000000|0.000000|0.000000|353|-1|0|0|0|0
227.999969|172.000031|157.000000|243.000000|-70.999969|3.032005|3.024004|-1.000000|0.000000|3.000000|3.000000|2.000000|2.000000|0.000000|0.000000|12.000000|-6.000000|354|-1|0|0|0|0
239.999969|160.000031|151.000000|249.000000|-88.999969|3.032005|3.024004|-1.000000|0.000000|3.000000|3.000000|2.000000|2.000000|0.000000|0.000000|11.200000|-5.200000|355|-1|0|0|0|0
251.199982|148.800018|145.800003|254.199997|-105.399979|3.032005|3.024004|-1.000000|0.000000|3.000000|3.000000|2.000000|2.000000|0.000000|0.000000|10.400000|-4.400000|356|-1|0|0|0|0
261.599976|138.400024|141.400009|258.599976|-120.199966|3.032005|3.024004|-1.000000|0.000000|3.000000|3.000000|2.000000|2.000000|0.000000|0.000000|9.599999|-3.600000|357|-1|0|0|0|0
271.199982|128.800018|137.800003|262.200012|-133.399979|3.032005|3.024004|-1.000000|0.000000|3.000000|3.000000|2.000000|2.000000|0.000000|0.000000|8.799999|-2.800000|358|-1|0|0|0|0
279.999969|120.000031|135.000000|265.000000|-144.999969|3.032005|3.024004|-1.000000|0.000000|3.000000|3.000000|2.000000|2.000000|0.000000|0.000000|7.999999|-2.000000|359|-1|0|0|0|0
287.999969|112.000031|133.000000|267.000000|-154.999969|3.032005|3.024004|-1.000000|0.000000|3.000000|3.000000|2.000000|2.000000|0.000000|0.000000|7.199999|-1.200000|360|-1|0|0|0|0
295.199982|104.800018|131.800003|268.200012|-163.399979|3.032005|3.024004|-1.000000|0.000000|3.000000|3.000000|2.000000|2.000000|0.000000|0.000000|6.399999|-0.400000|361|-1|0|0|0|0
301.599976|98.400024|131.400009|268.599976|-170.199966|3.032005|3.024004|-1.000000|0.000000|3.000000|3.000000|2.000000|2.000000|0.000000|0.000000|5.599998|0.000000|362|-1|0|0|0|0
307.199982|92.800018|131.400009|268.599976|-175.799973|3.032005|3.024004|-1.000000|0.000000|3.000000|3.000000|2.000000|2.000000|0.000000|0.000000|4.799998|0.000000|363|-1|0|0|0|0
311.999969|88.000031|131.400009|268.599976|-180.599960|3.032005|3.024004|-1.000000|0.000000|3.000000|3.000000|2.000000|2.000000|0.000000|0.000000|3.999998|0.000000|364|-1|0|0|0|0
315.999969|84.000031|131.400009|268.599976|-184.599960|3.032005|3.024004|-1.000000|0.000000|3.000000|3.000000|2.000000|2.000000|0.000000|0.000000|3.199998|0.000000|365|-1|0|0|0|0
319.199982|80.800018|131.400009|268.599976|-187.799973|3.032005|3.024004|-1.000000|0.000000|3.000000|3.000000|2.000000|2.000000|0.000000|0.000000|2.399998|0.000000|366|0|0|0|0|0
321.599976|78.400024|131.400009|268.599976|-190.199966|3.032005|3.024004|0.000000|0.000000|3.000000|3.000000|2.000000|2.000000|0.000000|0.000000|1.599998|0.000000|367|0|0|0|0|0
323.199982|76.800018|131.400009|268.599976|-191.799973|3.032005|3.024004|0.000000|0.000000|3.000000|3.000000|2.000000|2.000000|0.000000|0.000000|0.799998|0.000000|368|0|0|0|0|0
323.999969|76.000031|131.400009|268.599976|-192.599960|3.032005|3.024004|0.000000|0.000000|3.000000|3.000000|2.000000|2.000000|0.000000|0.000000|0.000000|0.000000|369|0|0|0|0|0
323.999969|76.000031|131.400009|268.599976|-192.599960|3.032005|3.024004|0.000000|0.000000|3.000000|3.000000|2.000000|2.000000|0.000000|0.000000|0.000000|0.000000|370|0|0|0|0|0
323.999969|76.000031|131.400009|268.599976|-192.599960|3.032005|3.024004|0.000000|0.000000|3.000000|3.000000|2.000000|2.000000|0.000000|0.000000|0.000000|0.000000|371|0|0|0|0|0
323.999969|76.000031|131.400009|268.599976|-192.599960|3.032005|3.024004|0.000000|0.000000|3.000000|3.000000|2.000000|2.000000|0.000000|0.000000|0.000000|0.000000|372|0|0|0|0|0
323.999969|76.000031|131.400009|268.599976|-192.599960|3.032005|3.024004|0.000000|0.000000|3.000000|3.000000|2.000000|2.000000|0.000000|0.000000|0.000000|0.000000|373|0|0|0|0|0
323.999969|76.000031|131.400009|268.599976|-192.599960|3.032005|3.024004|0.000000|0.000000|3.000000|3.000000|2.000000|2.000000|0.000000|0.000000|0.000000|0.000000|374|0|0|0|0|0
323.999969|76.000031|131.400009|268.599976|-192.599960|3.032005|3.024004|0.000000|0.000000|3.000000|3.000000|2.000000|2.000000|0.000000|0.000000|0.000000|0.000000|375|0|0|0|0|0
323.999969|76.000031|131.400009|268.599976|-192.599960|3.032005|3.024004|0.000000|0.000000|3.000000|3.000000|2.000000|2.000000|0.000000|0.000000|0.000000|0.000000|376|0|0|0|0|0
323.999969|76.000031|131.400009|268.599976|-192.599960|3.032005|3.024004|0.000000|0.000000|3.000000|3.000000|2.000000|2.000000|0.000000|0.000000|0.000000|0.000000|377|0|0|0|0|0
323.999969|76.000031|131.400009|268.599976|-192.599960|3.032005|3.024004|0.000000|0.000000|3.000000|3.000000|2.000000|2.000000|0.000000|0.000000|0.000000|0.000000|378|0|0|0|0|0
323.999969|76.000031|131.400009|268.599976|-192.599960|3.032005|3.024004|0.000000|0.000000|3.000000|3.000000|2.000000|2.000000|0.000000|0.000000|0.000000|0.000000|379|0|0|0|0|0
323.999969|76.000031|131.400009|268.599976|-192.599960|3.032005|3.024004|0.000000|0.000000|3.000000|3.000000|2.000000|2.000000|0.000000|0.000000|0.000000|0.000000|380|0|0|0|0|0
323.999969|76.000031|131.400009|268.599976|-192.599960|3.032005|3.024004|0.000000|0.000000|3.000000|3.000000|2.000000|2.000000|0.000000|0.000000|0.000000|0.000000|381|0|0|0|0|0
323.999969|76.000031|131.400009|268.599976|-192.599960|3.032005|3.024004|0.000000|0.000000|3.000000|3.000000|2.000000|2.000000|0.000000|0.000000|0.000000|0.000000|382|0|0|0|0|0
323.999969|76.000031|131.400009|268.599976|-192.599960|3.032005|3.024004|0.000000|0.000000|3.000000|3.000000|2.000000|2.000000|0.000000|0.000000|0.000000|0.000000|383|0|0|0|0|0
323.999969|76.000031|131.400009|268.599976|-192.599960|3.032005|3.024004|0.000000|0.000000|3.000000|3.000000|2.000000|2.000000|0.000000|0.000000|0.000000|0.000000|384|0|0|0|0|0
323.999969|76.000031|131.400009|268.599976|-192.599960|3.032005|3.024004|0.000000|0.000000|3.000000|3.000000|2.000000|2.000000|0.000000|0.000000|0.000000|0.000000|385|0|0|0|0|0
323.999969|76.000031|131.400009|268.599976|-192.599960|3.032005|3.024004|0.000000|0.000000|3.000000|3.000000|2.000000|2.000000|0.000000|0.000000|0.000000|0.000000|386|0|0|0|0|0
323.999969|76.000031|131.400009|268.599976|-192.599960|3.032005|3.024004|0.000000|0.000000|3.000000|3.000000|2.000000|2.000000|0.000000|0.000000|0.000000|0.000000|387|0|0|0|0|0
323.999969|76.000031|131.400009|268.599976|-192.599960|3.032005|3.024004|0.000000|0.000000|3.000000|3.000000|2.000000|2.000000|0.000000|0.000000|0.000000|0.000000|388|0|0|0|0|0
323.999969|76.000031|131.400009|268.599976|-192.599960|3.032005|3.024004|0.000000|0.000000|3.000000|3.000000|2.000000|2.000000|0.000000|0.000000|0.000000|0.000000|389|0|0|0|0|0
323.999969|76.000031|131.400009|268.599976|-192.599960|3.032005|3.024004|0.000000|0.000000|3.000000|3.000000|2.000000|2.000000|0.000000|0.000000|0.000000|0.000000|390|0|0|0|0|0
323.999969|76.000031|131.400009|268.599976|-192.599960|3.032005|3.024004|0.000000|0.000000|3.000000|3.000000|2.000000|2.000000|0.000000|0.000000|0.000000|0.000000|391|0|0|0|0|0
323.999969|76.000031|131.400009|268.599976|-192.599960|3.032005|3.024004|0.000000|0.000000|3.000000|3.000000|2.000000|2.000000|0.000000|0.000000|0.000000|0.000000|392|0|0|0|0|0
323.999969|76.000031|131.400009|268.599976|-192.599960|3.032005|3.024004|0.000000|0.000000|3.000000|3.000000|2.000000|2.000000|0.000000|0.000000|0.000000|0.000000|393|0|0|0|0|0
323.999969|76.000031|131.400009|268.599976|-192.599960|3.032005|3.024004|0.000000|0.000000|3.000000|3.000000|2.000000|2.000000|0.000000|0.000000|0.000000|0.000000|394|0|0|0|0|0
323.999969|76.000031|131.400009|268.599976|-192.599960|3.032005|3.024004|0.000000|0.000000|3.000000|3.000000|2.000000|2.000000|0.000000|0.000000|0.000000|0.000000|395|0|0|0|0|0
323.999969|76.000031|131.400009|268.599976|-192.599960|3.032005|3.024004|0.000000|0.000000|3.000000|3.000000|2.000000|2.000000|0.000000|0.000000|0.000000|0.000000|396|0|0|0|0|0
323.999969|76.000031|131.400009|268.599976|-192.599960|3.032005|3.024004|0.000000|0.000000|3.000000|3.000000|2.000000|2.000000|0.000000|0.000000|0.000000|0.000000|397|0|0|0|0|0
323.999969|76.000031|131.400009|268.599976|-192.599960|3.032005|3.024004|0.000000|0.000000|3.000000|3.000000|2.000000|2.000000|0.000000|0.000000|0.000000|0.000000|398|0|0|0|0|0
323.999969|76.000031|131.400009|268.599976|-192.599960|3.032005|3.024004|0.000000|0.000000|3.000000|3.000000|2.000000|2.000000|0.000000|0.000000|0.000000|0.000000|399|0|0|0|0|0
323.999969|76.000031|131.400009|268.599976|-192.599960|3.032005|3.024004|0.000000|0.000000|3.000000|3.000000|2.000000|2.000000|0.000000|0.000000|0.000000|0.000000|400|0|0|0|0|0
323.999969|76.000031|131.400009|268.599976|-192.599960|3.032005|3.024004|0.000000|0.000000|3.000000|3.000000|2.000000|2.000000|0.000000|0.000000|0.000000|0.000000|401|0|0|0|0|0
323.999969|76.000031|131.400009|268.599976|-192.599960|3.032005|3.024004|0.000000|0.000000|3.000000|3.000000|2.000000|2.000000|0.000000|0.000000|0.000000|0.000000|402|0|0|0|0|0
323.999969|76.000031|131.400009|268.599976|-192.599960|3.032005|3.024004|0.000000|0.000000|3.000000|3.000000|2.000000|2.000000|0.000000|0.000000|0.000000|0.000000|403|0|0|0|0|0
323.999969|76.000031|131.400009|268.599976|-192.599960|3.032005|3.024004|0.000000|0.000000|3.000000|3.000000|2.000000|2.000000|0.000000|0.000000|0.000000|0.000000|404|0|0|0|0|0
323.999969|76.000031|131.400009|268.599976|-192.599960|3.032005|3.024004|0.000000|0.000000|3.000000|3.000000|2.000000|2.000000|0.000000|0.000000|0.000000|0.000000|405|0|0|0|0|0
323.999969|76.000031|131.400009|268.599976|-192.599960|3.032005|3.024004|0.000000|0.000000|3.000000|3.000000|2.000000|2.000000|0.000000|0.000000|0.000000|0.000000|406|0|0|0|0|0
323.999969|76.000031|131.400009|268.599976|-192.599960|3.032005|3.024004|0.000000|0.000000|3.000000|3.000000|2.000000|2.000000|0.000000|0.000000|0.000000|0.000000|407|0|0|0|0|0
323.999969|76.000031|131.400009|268.599976|-192.599960|3.032005|3.024004|0.000000|0.000000|3.000000|3.000000|2.000000|2.000000|0.000000|0.000000|0.000000|0.000000|408|0|0|0|0|0
323.999969|76.000031|131.400009|268.599976|-192.599960|3.032005|3.024004|0.000000|0.000000|3.000000|3.000000|2.000000|2.000000|0.000000|0.000000|0.000000|0.000000|409|0|0|0|0|0
323.999969|76.000031|131.400009|268.599976|-192.599960|3.032005|3.024004|0.000000|0.000000|3.000000|3.000000|2.000000|2.000000|0.000000|0.000000|0.000000|0.000000|410|0|0|0|0|0
323.999969|76.000031|131.400009|268.599976|-192.599960|3.032005|3.024004|0.000000|0.000000|3.000000|3.000000|2.000000|2.000000|0.000000|0.000000|0.000000|0.000000|411|0|0|0|0|0
323.999969|76.000031|131.400009|268.599976|-192.599960|3.032005|3.024004|0.000000|0.000000|3.000000|3.000000|2.000000|2.000000|0.000000|0.000000|0.000000|0.000000|412|0|0|0|0|0
323.999969|76.000031|131.400009|268.599976|-192.599960|3.032005|3.024004|0.000000|0.000000|3.000000|3.000000|2.000000|2.000000|0.000000|0.000000|0.000000|0.000000|413|0|0|0|0|0
323.999969|76.000031|131.400009|268.599976|-192.599960|3.032005|3.024004|0.000000|0.000000|3.000000|3.000000|2.000000|2.000000|0.000000|0.000000|0.000000|0.000000|414|0|0|0|0|0
323.999969|76.000031|131.400009|268.599976|-192.599960|3.032005|3.024004|0.000000|0.000000|3.000000|3.000000|2.000000|2.000000|0.000000|0.000000|0.000000|0.000000|415|0|0|0|0|0
323.999969|76.000031|131.400009|268.599976|-192.599960|3.032005|3.024004|0.000000|0.000000|3.000000|3.000000|2.000000|2.000000|0.000000|0.000000|0.000000|0.000000|416|0|0|0|0|0
323.999969|76.000031|131.400009|268.599976|-192.599960|3.032005|3.024004|0.000000|0.000000|3.000000|3.000000|2.000000|2.000000|0.000000|0.000000|0.000000|0.000000|417|0|0|0|0|0
323.999969|76.000031|131.400009|268.599976|-192.599960|3.032005|3.024004|0.000000|0.000000|3.000000|3.000000|2.000000|2.000000|0.000000|0.000000|0.000000|0.000000|418|0|0|0|0|0
323.999969|76.000031|131.400009|268.599976|-192.599960|3.032005|3.024004|0.000000|0.000000|3.000000|3.000000|2.000000|2.000000|0.000000|0.000000|0.000000|0.000000|419|0|0|0|0|0
323.999969|76.000031|131.400009|268.599976|-192.599960|3.032005|3.024004|0.000000|0.000000|3.000000|3.000000|2.000000|2.000000|0.000000|0.000000|0.000000|0.000000|420|0|0|0|0|0
323.999969|76.000031|131.400009|268.599976|-192.599960|3.032005|3.024004|0.000000|0.000000|3.000000|3.000000|2.000000|2.000000|0.000000|0.000000|0.000000|0.000000|421|0|0|0|0|0
323.999969|76.000031|131.400009|268.599976|-192.599960|3.032005|3.024004|0.000000|0.000000|3.000000|3.000000|2.000000|2.000000|0.000000|0.000000|0.000000|0.000000|422|0|0|0|0|0
323.999969|76.000031|131.400009|268.599976|-192.599960|3.032005|3.024004|0.000000|0.000000|3.000000|3.000000|2.000000|2.000000|0.000000|0.000000|0.000000|0.000000|423|0|0|0|0|0
323.999969|76.000031|131.400009|268.599976|-192.599960|3.032005|3.024004|0.000000|0.000000|3.000000|3.000000|2.000000|2.000000|0.000000|0.000000|0.000000|0.000000|424|0|0|0|0|0
323.999969|76.000031|131.400009|268.599976|-192.599960|3.032005|3.024004|0.000000|0.000000|3.000000|3.000000|2.000000|2.000000|0.000000|0.000000|0.000000|0.000000|425|0|0|0|0|0
323.999969|76.000031|131.400009|268.599976|-192.599960|3.032005|3.024004|0.000000|0.000000|3.000000|3.000000|2.000000|2.000000|0.000000|0.000000|0.000000|0.000000|426|0|0|0|0|0
323.999969|76.000031|131.400009|268.599976|-192.599960|3.032005|3.024004|0.000000|0.000000|3.000000|3.000000|2.000000|2.000000|0.000000|0.000000|0.000000|0.000000|427|0|0|0|0|0
323.999969|76.000031|131.400009|268.599976|-192.599960|3.032005|3.024004|0.000000|0.000000|3.000000|3.000000|2.000000|2.000000|0.000000|0.000000|0.000000|0.000000|428|0|0|0|0|0
323.999969|76.000031|131.400009|268.599976|-192.599960|3.032005|3.024004|0.000000|0.000000|3.000000|3.000000|2.000000|2.000000|0.000000|0.000000|0.000000|0.000000|429|0|0|0|0|0
323.999969|76.000031|131.400009|268.599976|-192.599960|3.032005|3.024004|0.000000|0.000000|3.000000|3.000000|2.000000|2.000000|0.000000|0.000000|0.000000|0.000000|430|0|0|0|0|0
323.999969|76.000031|131.400009|268.599976|-192.599960|3.032005|3.024004|0.000000|0.000000|3.000000|3.000000|2.000000|2.000000|0.000000|0.000000|0.000000|0.000000|431|0|0|0|0|0
323.999969|76.000031|131.400009|268.599976|-192.599960|3.032005|3.024004|0.000000|0.000000|3.000000|3.000000|2.000000|2.000000|0.000000|0.000000|0.000000|0.000000|432|0|0|0|0|0
323.999969|76.000031|131.400009|268.599976|-192.599960|3.032005|3.024004|0.000000|0.000000|3.000000|3.000000|2.000000|2.000000|0.000000|0.000000|0.000000|0.000000|433|0|0|0|0|0
323.999969|76.000031|131.400009|268.599976|-192.599960|3.032005|3.024004|0.000000|0.000000|3.000000|3.000000|2.000000|2.000000|0.000000|0.000000|0.000000|0.000000|434|0|0|0|0|0
323.999969|76.000031|131.400009|268.599976|-192.599960|3.032005|3.024004|0.000000|0.000000|3.000000|3.000000|2.000000|2.000000|0.000000|0.000000|0.000000|0.000000|435|0|0|0|0|0
323.999969|76.000031|131.400009|268.599976|-192.599960|3.032005|3.024004|0.000000|0.000000|3.000000|3.000000|2.000000|2.000000|0.000000|0.000000|0.000000|0.000000|436|0|0|0|0|0
323.999969|76.000031|131.400009|268.599976|-192.599960|3.032005|3.024004|0.000000|0.000000|3.000000|3.000000|2.000000|2.000000|0.000000|0.000000|0.000000|0.000000|437|0|0|0|0|0
323.999969|76.000031|131.400009|268.599976|-192.599960|3.032005|3.024004|0.000000|0.000000|3.000000|3.000000|2.000000|2.000000|0.000000|0.000000|0.000000|0.000000|438|0|0|0|0|0
323.999969|76.000031|131.400009|268.599976|-192.599960|3.032005|3.024004|0.000000|0.000000|3.000000|3.000000|2.000000|2.000000|0.000000|0.000000|0.000000|0.000000|439|0|0|0|0|0
323.999969|76.000031|131.400009|268.599976|-192.599960|3.032005|3.024004|0.000000|0.000000|3.000000|3.000000|2.000000|2.000000|0.000000|0.000000|0.000000|0.000000|440|0|0|0|0|0
323.999969|76.000031|131.400009|268.599976|-192.599960|3.032005|3.024004|0.000000|0.000000|3.000000|3.000000|2.000000|2.000000|0.000000|0.000000|0.000000|0.000000|441|0|0|0|0|0
323.999969|76.000031|131.400009|268.599976|-192.599960|3.032005|3.024004|0.000000|0.000000|3.000000|3.000000|2.000000|2.000000|0.000000|0.000000|0.000000|0.000000|442|0|0|0|0|0
323.999969|76.000031|131.400009|268.599976|-192.599960|3.032005|3.024004|0.000000|0.000000|3.000000|3.000000|2.000000|2.000000|0.000000|0.000000|0.000000|0.000000|443|0|0|0|0|0
323.999969|76.000031|131.400009|268.599976|-192.599960|3.032005|3.024004|0.000000|0.000000|3.000000|3.000000|2.000000|2.000000|0.000000|0.000000|0.000000|0.000000|444|0|0|0|0|0
323.999969|76.000031|131.400009|268.599976|-192.599960|3.032005|3.024004|0.000000|0.000000|3.000000|3.000000|2.000000|2.000000|0.000000|0.000000|0.000000|0.000000|445|0|0|0|0|0
323.999969|76.000031|131.400009|268.599976|-192.599960|3.032005|3.024004|0.000000|0.000000|3.000000|3.000000|2.000000|2.000000|0.000000|0.000000|0.000000|0.000000|446|0|0|0|0|0
323.999969|76.000031|131.400009|268.599976|-192.599960|3.032005|3.024004|0.000000|0.000000|3.000000|3.000000|2.000000|2.000000|0.000000|0.000000|0.000000|0.000000|447|0|0|0|0|0
323.999969|76.000031|131.400009|268.599976|-192.599960|3.032005|3.024004|0.000000|0.000000|3.000000|3.000000|2.000000|2.000000|0.000000|0.000000|0.000000|0.000000|448|0|0|0|0|0
323.999969|76.000031|131.400009|268.599976|-192.599960|3.032005|3.024004|0.000000|0.000000|3.000000|3.000000|2.000000|2.000000|0.000000|0.000000|0.000000|0.000000|449|0|0|0|0|0
323.999969|76.000031|131.400009|268.599976|-192.599960|3.032005|3.024004|0.000000|0.000000|3.000000|3.000000|2.000000|2.000000|0.000000|0.000000|0.000000|0.000000|450|0|0|0|0|0
323.999969|76.000031|131.400009|268.599976|-192.599960|3.032005|3.024004|0.000000|0.000000|3.000000|3.000000|2.000000|2.000000|0.000000|0.000000|0.000000|0.000000|451|0|0|0|0|0
323.999969|76.000031|131.400009|268.599976|-192.599960|3.032005|3.024004|0.000000|0.000000|3.000000|3.000000|2.000000|2.000000|0.000000|0.000000|0.000000|0.000000|452|0|0|0|0|0
323.999969|76.000031|131.400009|268.599976|-192.599960|3.032005|3.024004|0.000000|0.000000|3.000000|3.000000|2.000000|2.000000|0.000000|0.000000|0.000000|0.000000|453|0|0|0|0|0
323.999969|76.000031|131.400009|268.599976|-192.599960|3.032005|3.024004|0.000000|0.000000|3.000000|3.000000|2.000000|2.000000|0.000000|0.000000|0.000000|0.000000|454|0|0|0|0|0
323.999969|76.000031|131.400009|268.599976|-192.599960|3.032005|3.024004|0.000000|0.000000|3.000000|3.000000|2.000000|2.000000|0.000000|0.000000|0.000000|0.000000|455|0|0|0|0|0
323.999969|76.000031|131.400009|268.599976|-192.599960|3.032005|3.024004|0.000000|0.000000|3.000000|3.000000|2.000000|2.000000|0.000000|0.000000|0.000000|0.000000|456|0|0|0|0|0
323.999969|76.000031|131.400009|268.599976|-192.599960|3.032005|3.024004|0.000000|0.000000|3.000000|3.000000|2.000000|2.000000|0.000000|0.000000|0.000000|0.000000|457|0|0|0|0|0
323.999969|76.000031|131.400009|268.599976|-192.599960|3.032005|3.024004|0.000000|0.000000|3.000000|3.000000|2.000000|2.000000|0.000000|0.000000|0.000000|0.000000|458|0|0|0|0|0
323.999969|76.000031|131.400009|268.599976|-192.599960|3.032005|3.024004|0.000000|0.000000|3.000000|3.000000|2.000000|2.000000|0.000000|0.000000|0.000000|0.000000|459|0|0|0|0|0
323.999969|76.000031|131.400009|268.599976|-192.599960|3.032005|3.024004|0.000000|0.000000|3.000000|3.000000|2.000000|2.000000|0.000000|0.000000|0.000000|0.000000|460|0|0|0|0|0
323.999969|76.000031|131.400009|268.599976|-192.599960|3.032005|3.024004|0.000000|0.000000|3.000000|3.000000|2.000000|2.000000|0.000000|0.000000|0.000000|0.000000|461|0|0|0|0|0
323.999969|76.000031|131.400009|268.599976|-192.599960|3.032005|3.024004|0.000000|0.000000|3.000000|3.000000|2.000000|2.000000|0.000000|0.000000|0.000000|0.000000|462|0|0|0|0|0
323.999969|76.000031|131.400009|268.599976|-192.599960|3.032005|3.024004|0.000000|0.000000|3.000000|3.000000|2.000000|2.000000|0.000000|0.000000|0.000000|0.000000|463|0|0|0|0|0
323.999969|76.000031|131.400009|268.599976|-192.599960|3.032005|3.024004|0.000000|0.000000|3.000000|3.000000|2.000000|2.000000|0.000000|0.000000|0.000000|0.000000|464|0|0|0|0|0
323.999969|76.000031|131.400009|268.599976|-192.599960|3.032005|3.024004|0.000000|0.000000|3.000000|3.000000|2.000000|2.000000|0.000000|0.000000|0.000000|0.000000|465|0|0|0|0|0
323.999969|76.000031|131.400009|268.599976|-192.599960|3.032005|3.024004|0.000000|0.000000|3.000000|3.000000|2.000000|2.000000|0.000000|0.000000|0.000000|0.000000|466|0|0|0|0|0
323.999969|76.000031|131.400009|268.599976|-192.599960|3.032005|3.024004|0.000000|0.000000|3.000000|3.000000|2.000000|2.000000|0.000000|0.000000|0.000000|0.000000|467|0|0|0|0|0
323.999969|76.000031|131.400009|268.599976|-192.599960|3.032005|3.024004|0.000000|0.000000|3.000000|3.000000|2.000000|2.000000|0.000000|0.000000|0.000000|0.000000|468|0|0|0|0|0
323.999969|76.000031|131.400009|268.599976|-192.599960|3.032005|3.024004|0.000000|0.000000|3.000000|3.000000|2.000000|2.000000|0.000000|0.000000|0.000000|0.000000|469|0|0|0|0|0
323.999969|76.000031|131.400009|268.599976|-192.599960|3.032005|3.024004|0.000000|0.000000|3.000000|3.000000|2.000000|2.000000|0.000000|0.000000|0.000000|0.000000|470|0|0|0|0|0
323.999969|76.000031|131.400009|268.599976|-192.599960|3.032005|3.024004|0.000000|0.000000|3.000000|3.000000|2.000000|2.000000|0.000000|0.000000|0.000000|0.000000|471|0|0|0|0|0
323.999969|76.000031|131.400009|268.599976|-192.599960|3.032005|3.024004|0.000000|0.000000|3.000000|3.000000|2.000000|2.000000|0.000000|0.000000|0.000000|0.000000|472|0|0|0|0|0
323.999969|76.000031|131.400009|268.599976|-192.599960|3.032005|3.024004|0.000000|0.000000|3.000000|3.000000|2.000000|2.000000|0.000000|0.000000|0.000000|0.000000|473|0|0|0|0|0
323.999969|76.000031|131.400009|268.599976|-192.599960|3.032005|3.024004|0.000000|0.000000|3.000000|3.000000|2.000000|2.000000|0.000000|0.000000|0.000000|0.000000|474|0|0|0|0|0
323.999969|76.000031|131.400009|268.599976|-192.599960|3.032005|3.024004|0.000000|0.000000|3.000000|3.000000|2.000000|2.000000|0.000000|0.000000|0.000000|0.000000|475|0|0|0|0|0
323.999969|76.000031|131.400009|268.599976|-192.599960|3.032005|3.024004|0.000000|0.000000|3.000000|3.000000|2.000000|2.000000|0.000000|0.000000|0.000000|0.000000|476|0|0|0|0|0
323.999969|76.000031|131.400009|268.599976|-192.599960|3.032005|3.024004|0.000000|0.000000|3.000000|3.000000|2.000000|2.000000|0.000000|0.000000|0.000000|0.000000|477|0|0|0|0|0
323.999969|76.000031|131.400009|268.599976|-192.599960|3.032005|3.024004|0.000000|0.000000|3.000000|3.000000|2.000000|2.000000|0.000000|0.000000|0.000000|0.000000|478|0|0|0|0|0
323.999969|76.000031|131.400009|268.599976|-192.599960|3.032005|3.024004|0.000000|0.000000|3.000000|3.000000|2.000000|2.000000|0.000000|0.000000|0.000000|0.000000|479|0|0|0|0|0
323.999969|76.000031|131.400009|268.599976|-192.599960|3.032005|3.024004|0.000000|0.000000|3.000000|3.000000|2.000000|2.000000|0.000000|0.000000|0.000000|0.000000|480|0|0|0|0|0
323.999969|76.000031|131.400009|268.599976|-192.599960|3.032005|3.024004|0.000000|0.000000|3.000000|3.000000|2.000000|2.000000|0.000000|0.000000|0.000000|0.000000|481|0|0|0|0|0
323.999969|76.000031|131.400009|268.599976|-192.599960|3.032005|3.024004|0.000000|0.000000|3.000000|3.000000|2.000000|2.000000|0.000000|0.000000|0.000000|0.000000|482|0|0|0|0|0
323.999969|76.000031|131.400009|268.599976|-192.599960|3.032005|3.024004|0.000000|0.000000|3.000000|3.000000|2.000000|2.000000|0.000000|0.000000|0.000000|0.000000|483|0|0|0|0|0
323.999969|76.000031|131.400009|268.599976|-192.599960|3.032005|3.024004|0.000000|0.000000|3.000000|3.000000|2.000000|2.000000|0.000000|0.000000|0.000000|0.000000|484|0|0|0|0|0
323.999969|76.000031|131.400009|268.599976|-192.599960|3.032005|3.024004|0.000000|0.000000|3.000000|3.000000|2.000000|2.000000|0.000000|0.000000|0.000000|0.000000|485|0|0|0|0|0
323.999969|76.000031|131.400009|268.599976|-192.599960|3.032005|3.024004|0.000000|0.000000|3.000000|3.000000|2.000000|2.000000|0.000000|0.000000|0.000000|0.000000|486|0|0|0|0|0
323.999969|76.000031|131.400009|268.599976|-192.599960|3.032005|3.024004|0.000000|0.000000|3.000000|3.000000|2.000000|2.000000|0.000000|0.000000|0.000000|0.000000|487|0|0|0|0|0
323.999969|76.000031|131.400009|268.599976|-192.599960|3.032005|3.024004|0.000000|0.000000|3.000000|3.000000|2.000000|2.000000|0.000000|0.000000|0.000000|0.000000|488|0|0|0|0|0
323.999969|76.000031|131.400009|268.599976|-192.599960|3.032005|3.024004|0.000000|0.000000|3.000000|3.000000|2.000000|2.000000|0.000000|0.000000|0.000000|0.000000|489|0|0|0|0|0
323.999969|76.000031|131.400009|268.599976|-192.599960|3.032005|3.024004|0.000000|0.000000|3.000000|3.000000|2.000000|2.000000|0.000000|0.000000|0.000000|0.000000|490|0|0|0|0|0
323.999969|76.000031|131.400009|268.599976|-192.599960|3.032005|3.024004|0.000000|0.000000|3.000000|3.000000|2.000000|2.000000|0.000000|0.000000|0.000000|0.000000|491|0|0|0|0|0
323.999969|76.000031|131.400009|268.599976|-192.599960|3.032005|3.024004|0.000000|0.000000|3.000000|3.000000|2.000000|2.000000|0.000000|0.000000|0.000000|0.000000|492|0|0|0|0|0
323.999969|76.000031|131.400009|268.599976|-192.599960|3.032005|3.024004|0.000000|0.000000|3.000000|3.000000|2.000000|2.000000|0.000000|0.000000|0.000000|0.000000|493|0|0|0|0|0
323.999969|76.000031|131.400009|268.599976|-192.599960|3.032005|3.024004|0.000000|0.000000|3.000000|3.000000|2.000000|2.000000|0.000000|0.000000|0.000000|0.000000|494|0|0|0|0|0
323.999969|76.000031|131.400009|268.599976|-192.599960|3.032005|3.024004|0.000000|0.000000|3.000000|3.000000|2.000000|2.000000|0.000000|0.000000|0.000000|0.000000|495|0|0|0|0|0
323.999969|76.000031|131.400009|268.599976|-192.599960|3.032005|3.024004|0.000000|0.000000|3.000000|3.000000|2.000000|2.000000|0.000000|0.000000|0.000000|0.000000|496|0|0|0|0|0
323.999969|76.000031|131.400009|268.599976|-192.599960|3.032005|3.024004|0.000000|0.000000|3.000000|3.000000|2.000000|2.000000|0.000000|0.000000|0.000000|0.000000|497|0|0|0|0|0
323.999969|76.000031|131.400009|268.599976|-192.599960|3.032005|3.024004|0.000000|0.000000|3.000000|3.000000|2.000000|2.000000|0.000000|0.000000|0.000000|0.000000|498|0|0|0|0|0
323.999969|76.000031|131.400009|268.599976|-192.599960|3.032005|3.024004|0.000000|0.000000|3.000000|3.000000|2.000000|2.000000|0.000000|0.000000|0.000000|0.000000|499|0|0|0|0|0
323.999969|76.000031|131.400009|268.599976|-192.599960|3.032005|3.024004|0.000000|0.000000|3.000000|3.000000|2.000000|2.000000|0.000000|0.000000|0.000000|0.000000|500|0|0|0|0|0
323.999969|76.000031|131.400009|268.599976|-192.599960|3.032005|3.024004|0.000000|0.000000|3.000000|3.000000|2.000000|2.000000|0.000000|0.000000|0.000000|0.000000|501|0|0|0|0|0
323.999969|76.000031|131.400009|268.599976|-192.599960|3.032005|3.024004|0.000000|0.000000|3.000000|3.000000|2.000000|2.000000|0.000000|0.000000|0.000000|0.000000|502|0|0|0|0|0
323.999969|76.000031|131.400009|268.599976|-192.599960|3.032005|3.024004|0.000000|0.000000|3.000000|3.000000|2.000000|2.000000|0.000000|0.000000|0.000000|0.000000|503|0|0|0|0|0
323.999969|76.000031|131.400009|268.599976|-192.599960|3.032005|3.024004|0.000000|0.000000|3.000000|3.000000|2.000000|2.000000|0.000000|0.000000|0.000000|0.000000|504|0|0|0|0|0
323.999969|76.000031|131.400009|268.599976|-192.599960|3.032005|3.024004|0.000000|0.000000|3.000000|3.000000|2.000000|2.000000|0.000000|0.000000|0.000000|0.000000|505|0|0|0|0|0
323.999969|76.000031|131.400009|268.599976|-192.599960|3.032005|3.024004|0.000000|0.000000|3.000000|3.000000|2.000000|2.000000|0.000000|0.000000|0.000000|0.000000|506|0|0|0|0|0
323.999969|76.000031|131.400009|268.599976|-192.599960|3.032005|3.024004|0.000000|0.000000|3.000000|3.000000|2.000000|2.000000|0.000000|0.000000|0.000000|0.000000|507|0|0|0|0|0
323.999969|76.000031|131.400009|268.599976|-192.599960|3.032005|3.024004|0.000000|0.000000|3.000000|3.000000|2.000000|2.000000|0.000000|0.000000|0.000000|0.000000|508|0|0|0|0|0
323.999969|76.000031|131.400009|268.599976|-192.599960|3.032005|3.024004|0.000000|0.000000|3.000000|3.000000|2.000000|2.000000|0.000000|0.000000|0.000000|0.000000|509|0|0|0|0|0
323.999969|76.000031|131.400009|268.599976|-192.599960|3.032005|3.024004|0.000000|0.000000|3.000000|3.000000|2.000000|2.000000|0.000000|0.000000|0.000000|0.000000|510|0|0|0|0|0
323.999969|76.000031|131.400009|268.599976|-192.599960|3.032005|3.024004|0.000000|0.000000|3.000000|3.000000|2.000000|2.000000|0.000000|0.000000|0.000000|0.000000|511|0|0|0|0|0
323.999969|76.000031|131.400009|268.599976|-192.599960|3.032005|3.024004|0.000000|0.000000|3.000000|3.000000|2.000000|2.000000|0.000000|0.000000|0.000000|0.000000|512|0|0|0|0|0
323.999969|76.000031|131.400009|268.599976|-192.599960|3.032005|3.024004|0.000000|0.000000|3.000000|3.000000|2.000000|2.000000|0.000000|0.000000|0.000000|0.000000|513|0|0|0|0|0
323.999969|76.000031|131.400009|268.599976|-192.599960|3.032005|3.024004|0.000000|0.000000|3.000000|3.000000|2.000000|2.000000|0.000000|0.000000|0.000000|0.000000|514|0|0|0|0|0
323.999969|76.000031|131.400009|268.599976|-192.599960|3.032005|3.024004|0.000000|0.000000|3.000000|3.000000|2.000000|2.000000|0.000000|0.000000|0.000000|0.000000|515|0|0|0|0|0
323.999969|76.000031|131.400009|268.599976|-192.599960|3.032005|3.024004|0.000000|0.000000|3.000000|3.000000|2.000000|2.000000|0.000000|0.000000|0.000000|0.000000|516|0|0|0|0|0
323.999969|76.000031|131.400009|268.599976|-192.599960|3.032005|3.024004|0.000000|0.000000|3.000000|3.000000|2.000000|2.000000|0.000000|0.000000|0.000000|0.000000|517|0|0|0|0|0
323.999969|76.000031|131.400009|268.599976|-192.599960|3.032005|3.024004|0.000000|0.000000|3.000000|3.000000|2.000000|2.000000|0.000000|0.000000|0.000000|0.000000|518|0|0|0|0|0
323.999969|76.000031|131.400009|268.599976|-192.599960|3.032005|3.024004|0.000000|0.000000|3.000000|3.000000|2.000000|2.000000|0.000000|0.000000|0.000000|0.000000|519|0|0|0|0|0
323.999969|76.000031|131.400009|268.599976|-192.599960|3.032005|3.024004|0.000000|0.000000|3.000000|3.000000|2.000000|2.000000|0.000000|0.000000|0.000000|0.000000|520|0|0|0|0|0
323.999969|76.000031|131.400009|268.599976|-192.599960|3.032005|3.024004|0.000000|0.000000|3.000000|3.000000|2.000000|2.000000|0.000000|0.000000|0.000000|0.000000|521|0|0|0|0|0
323.999969|76.000031|131.400009|268.599976|-192.599960|3.032005|3.024004|0.000000|0.000000|3.000000|3.000000|2.000000|2.000000|0.000000|0.000000|0.000000|0.000000|522|0|0|0|0|0
323.999969|76.000031|131.400009|268.599976|-192.599960|3.032005|3.024004|0.000000|0.000000|3.000000|3.000000|2.000000|2.000000|0.000000|0.000000|0.000000|0.000000|523|0|0|0|0|0
323.999969|76.000031|131.400009|268.599976|-192.599960|3.032005|3.024004|0.000000|0.000000|3.000000|3.000000|2.000000|2.000000|0.000000|0.000000|0.000000|0.000000|524|0|0|0|0|0
323.999969|76.000031|131.400009|268.599976|-192.599960|3.032005|3.024004|0.000000|0.000000|3.000000|3.000000|2.000000|2.000000|0.000000|0.000000|0.000000|0.000000|525|0|0|0|0|0
323.999969|76.000031|131.400009|268.599976|-192.599960|3.032005|3.024004|0.000000|0.000000|3.000000|3.000000|2.000000|2.000000|0.000000|0.000000|0.000000|0.000000|526|0|0|0|0|0
323.999969|76.000031|131.400009|268.599976|-192.599960|3.032005|3.024004|0.000000|0.000000|3.000000|3.000000|2.000000|2.000000|0.000000|0.000000|0.000000|0.000000|527|0|0|0|0|0
323.999969|76.000031|131.400009|268.599976|-192.599960|3.032005|3.024004|0.000000|0.000000|3.000000|3.000000|2.000000|2.000000|0.000000|0.000000|0.000000|0.000000|528|0|0|0|0|0
323.999969|76.000031|131.400009|268.599976|-192.599960|3.032005|3.024004|0.000000|0.000000|3.000000|3.000000|2.000000|2.000000|0.000000|0.000000|0.000000|0.000000|529|0|0|0|0|0
323.999969|76.000031|131.400009|268.599976|-192.599960|3.032005|3.024004|0.000000|0.000000|3.000000|3.000000|2.000000|2.000000|0.000000|0.000000|0.000000|0.000000|530|0|0|0|0|0
323.999969|76.000031|131.400009|268.599976|-192.599960|3.032005|3.024004|0.000000|0.000000|3.000000|3.000000|2.000000|2.000000|0.000000|0.000000|0.000000|0.000000|531|0|0|0|0|0
323.999969|76.000031|131.400009|268.599976|-192.599960|3.032005|3.024004|0.000000|0.000000|3.000000|3.000000|2.000000|2.000000|0.000000|0.000000|0.000000|0.000000|532|0|0|0|0|0
323.999969|76.000031|131.400009|268.599976|-192.599960|3.032005|3.024004|0.000000|0.000000|3.000000|3.000000|2.000000|2.000000|0.000000|0.000000|0.000000|0.000000|533|0|0|0|0|0
323.999969|76.000031|131.400009|268.599976|-192.599960|3.032005|3.024004|0.000000|0.000000|3.000000|3.000000|2.000000|2.000000|0.000000|0.000000|0.000000|0.000000|534|0|0|0|0|0
323.999969|76.000031|131.400009|268.599976|-192.599960|3.032005|3.024004|0.000000|0.000000|3.000000|3.000000|2.000000|2.000000|0.000000|0.000000|0.000000|0.000000|535|0|0|0|0|0
323.999969|76.000031|131.400009|268.599976|-192.599960|3.032005|3.024004|0.000000|0.000000|3.000000|3.000000|2.000000|2.000000|0.000000|0.000000|0.000000|0.000000|536|0|0|0|0|0
323.999969|76.000031|131.400009|268.599976|-192.599960|3.032005|3.024004|0.000000|0.000000|3.000000|3.000000|2.000000|2.000000|0.000000|0.000000|0.000000|0.000000|537|0|0|0|0|0
323.999969|76.000031|131.400009|268.599976|-192.599960|3.032005|3.024004|0.000000|0.000000|3.000000|3.000000|2.000000|2.000000|0.000000|0.000000|0.000000|0.000000|538|0|0|0|0|0
323.999969|76.000031|131.400009|268.599976|-192.599960|3.032005|3.024004|0.000000|0.000000|3.000000|3.000000|2.000000|2.000000|0.000000|0.000000|0.000000|0.000000|539|0|0|0|0|0
323.999969|76.000031|131.400009|268.599976|-192.599960|3.032005|3.024004|0.000000|0.000000|3.000000|3.000000|2.000000|2.000000|0.000000|0.000000|0.000000|0.000000|540|0|0|0|0|0
323.999969|76.000031|131.400009|268.599976|-192.599960|3.032005|3.024004|0.000000|0.000000|3.000000|3.000000|2.000000|2.000000|0.000000|0.000000|0.000000|0.000000|541|0|0|0|0|0
323.999969|76.000031|131.400009|268.599976|-192.599960|3.032005|3.024004|0.000000|0.000000|3.000000|3.000000|2.000000|2.000000|0.000000|0.000000|0.000000|0.000000|542|0|0|0|0|0
323.999969|76.000031|131.400009|268.599976|-192.599960|3.032005|3.024004|0.000000|0.000000|3.000000|3.000000|2.000000|2.000000|0.000000|0.000000|0.000000|0.000000|543|0|0|0|0|0
323.999969|76.000031|131.400009|268.599976|-192.599960|3.032005|3.024004|0.000000|0.000000|3.000000|3.000000|2.000000|2.000000|0.000000|0.000000|0.000000|0.000000|544|0|0|0|0|0
323.999969|76.000031|131.400009|268.599976|-192.599960|3.032005|3.024004|0.000000|0.000000|3.000000|3.000000|2.000000|2.000000|0.000000|0.000000|0.000000|0.000000|545|0|0|0|0|0
323.999969|76.000031|131.400009|268.599976|-192.599960|3.032005|3.024004|0.000000|0.000000|3.000000|3.000000|2.000000|2.000000|0.000000|0.000000|0.000000|0.000000|546|0|0|0|0|0
323.999969|76.000031|131.400009|268.599976|-192.599960|3.032005|3.024004|0.000000|0.000000|3.000000|3.000000|2.000000|2.000000|0.000000|0.000000|0.000000|0.000000|547|0|0|0|0|0
323.999969|76.000031|131.400009|268.599976|-192.599960|3.032005|3.024004|0.000000|0.000000|3.000000|3.000000|2.000000|2.000000|0.000000|0.000000|0.000000|0.000000|548|0|0|0|0|0
323.999969|76.000031|131.400009|268.599976|-192.599960|3.032005|3.024004|0.000000|0.000000|3.000000|3.000000|2.000000|2.000000|0.000000|0.000000|0.000000|0.000000|549|0|0|0|0|0
323.999969|76.000031|131.400009|268.599976|-192.599960|3.032005|3.024004|0.000000|0.000000|3.000000|3.000000|2.000000|2.000000|0.000000|0.000000|0.000000|0.000000|550|0|0|0|0|0
323.999969|76.000031|131.400009|268.599976|-192.599960|3.032005|3.024004|0.000000|0.000000|3.000000|3.000000|2.000000|2.000000|0.000000|0.000000|0.000000|0.000000|551|0|0|0|0|0
323.999969|76.000031|131.400009|268.599976|-192.599960|3.032005|3.024004|0.000000|0.000000|3.000000|3.000000|2.000000|2.000000|0.000000|0.000000|0.000000|0.000000|552|0|0|0|0|0
323.999969|76.000031|131.400009|268.599976|-192.599960|3.032005|3.024004|0.000000|0.000000|3.000000|3.000000|2.000000|2.000000|0.000000|0.000000|0.000000|0.000000|553|0|